country,sector,output_hat,price_hat,spending_hat
ARG,01T02,0.1711633533036955,1.411374828504862,1.1040563535083086
ARG,03,0.9894177424726768,1.0175969338854303,1.1040563535083086
ARG,05T06,0.3105595105300669,1.1633546564419115,1.1040563535083086
ARG,07T08,1.0385582475120945,1.0378953603982046,1.1040563535083086
ARG,10T12,0.917641215598885,1.870401220792338,1.1040563535083086
ARG,13T15,0.7028355352384441,1.2213975167258238,1.1040563535083086
ARG,16,1.1551648217700103,1.1585838733686613,1.1040563535083086
ARG,17T18,1.145962744510395,1.108182455281558,1.1040563535083086
ARG,19,0.6597420094831377,1.7684512366491,1.1040563535083086
ARG,20,0.9693405207291961,1.2261369460113904,1.1040563535083086
ARG,21,1.1547261860492892,1.0831279884917426,1.1040563535083086
ARG,22,0.7213035669101792,1.2105930065308022,1.1040563535083086
ARG,23,0.52374067063567,1.178179831854224,1.1040563535083086
ARG,24,0.6335925350283419,1.3259002599263103,1.1040563535083086
ARG,25,1.2027502328259376,1.2014697079102963,1.1040563535083086
ARG,26,1.123851957647979,1.1743020627637748,1.1040563535083086
ARG,27,1.152850573259986,1.2423994114476498,1.1040563535083086
ARG,28,1.1551297147128512,1.1502843882003493,1.1040563535083086
ARG,29T30,1.0245411555236805,1.2165952154895507,1.1040563535083086
ARG,31T33,0.8882305231509717,1.093026253914446,1.1040563535083086
ARG,35,0.4052612505421922,1.428903475569701,1.1040563535083086
ARG,36T39,0.9976609230844321,1.0541410461029947,1.1040563535083086
ARG,41T43,1.067647968279535,1.1175944100775626,1.1040563535083086
ARG,45T47,1.0326735184374662,0.9886065965337814,1.1040563535083086
ARG,49,0.7901389222370991,1.0775384789341476,1.1040563535083086
ARG,50,0.49055521213218367,1.085722147915097,1.1040563535083086
ARG,51,0.47805644504160844,1.2643860040752275,1.1040563535083086
ARG,52,0.8885536955493459,1.1154438035404937,1.1040563535083086
ARG,53,1.1112766817677284,1.0378325713318128,1.1040563535083086
ARG,55T56,1.0941809622214391,1.1701162874735305,1.1040563535083086
ARG,58T60,1.124610071252889,1.026545327903003,1.1040563535083086
ARG,61,1.0962103337989035,1.0107031574635645,1.1040563535083086
ARG,62T63,1.1562270677978919,1.0133075871403272,1.1040563535083086
ARG,64T66,1.0506578134900209,0.9825089474037471,1.1040563535083086
ARG,68,1.107544594203797,0.9526401526751477,1.1040563535083086
ARG,69T75,1.0844072091386008,1.0011792668408281,1.1040563535083086
ARG,77T82,1.014028488783,0.9805557017734191,1.1040563535083086
ARG,84,1.0737071167708068,1.0001463133326494,1.1040563535083086
ARG,85,1.0935097827095306,0.9769284025950034,1.1040563535083086
ARG,86T88,1.0908222087970727,0.9861844079900526,1.1040563535083086
ARG,90T93,1.1089189297699618,1.0268161518004593,1.1040563535083086
ARG,94T98,1.090972897670396,1.0080544848884998,1.1040563535083086
AUS,01T02,0.22039934396677022,1.3086263049174605,1.053996727646791
AUS,03,0.8026766668044136,1.331936246053398,1.053996727646791
AUS,05T06,0.49173995904725004,1.05860838341235,1.053996727646791
AUS,07T08,0.9493600343217802,1.0997817385274022,1.053996727646791
AUS,10T12,0.8694415342300237,1.6414537256291573,1.053996727646791
AUS,13T15,0.5580936864385394,1.378006010700614,1.053996727646791
AUS,16,1.0703588135293283,1.3138823726776625,1.053996727646791
AUS,17T18,1.0490561389334523,1.1618751702052823,1.053996727646791
AUS,19,0.2398034121071805,1.2624767005583777,1.053996727646791
AUS,20,0.45624023536188135,1.2709866740406568,1.053996727646791
AUS,21,0.8903905262940452,1.166381898721682,1.053996727646791
AUS,22,1.2911281636555616,1.2474028716679253,1.053996727646791
AUS,23,0.7695943105399448,1.19679764869389,1.053996727646791
AUS,24,1.4761819986193356,1.3210402764838003,1.053996727646791
AUS,25,1.1002491471994522,1.252340318541909,1.053996727646791
AUS,26,1.200238258510719,1.0736580689023436,1.053996727646791
AUS,27,1.3360951839661979,1.1453592111359465,1.053996727646791
AUS,28,1.1669859882299454,1.132721094501514,1.053996727646791
AUS,29T30,1.1670186182798097,1.160554520683743,1.053996727646791
AUS,31T33,1.2070101997752003,1.1092136252611748,1.053996727646791
AUS,35,0.2247734919400199,1.6912440607478147,1.053996727646791
AUS,36T39,0.9506428987416236,1.049462178167693,1.053996727646791
AUS,41T43,0.997865822602933,1.1278960859569678,1.053996727646791
AUS,45T47,0.9849412908728589,1.0683316344979763,1.053996727646791
AUS,49,0.7091127943843298,1.1188893712050156,1.053996727646791
AUS,50,0.8512487042620933,1.1190605961201705,1.053996727646791
AUS,51,0.6564971354983197,1.1326148939196383,1.053996727646791
AUS,52,0.9733258451377945,1.0375491738272267,1.053996727646791
AUS,53,0.9112719597576636,1.1087585633145538,1.053996727646791
AUS,55T56,1.0768554739427436,1.1217626656981807,1.053996727646791
AUS,58T60,1.0918364689334126,1.0386368074927312,1.053996727646791
AUS,61,1.0018880383448199,1.0432765879194006,1.053996727646791
AUS,62T63,1.0206467074955992,0.9996461052622068,1.053996727646791
AUS,64T66,0.9778868857620043,0.9743740210324361,1.053996727646791
AUS,68,1.039312801771818,0.9748377104667157,1.053996727646791
AUS,69T75,0.9842291949738565,1.008272979054142,1.053996727646791
AUS,77T82,0.9816921109701972,1.0223699722476303,1.053996727646791
AUS,84,1.0316139643484,1.043686647244862,1.053996727646791
AUS,85,1.0522065799237899,0.9958820796609016,1.053996727646791
AUS,86T88,1.049800936766422,1.0013692568708368,1.053996727646791
AUS,90T93,1.0555962065017943,1.008076706478126,1.053996727646791
AUS,94T98,1.0399726841275447,1.0019749434489151,1.053996727646791
AUT,01T02,0.90088863086708,1.3634206179002146,1.2849334688814107
AUT,03,1.2569521574360694,1.2783083945073435,1.2849334688814107
AUT,05T06,0.28524911359409777,1.3026677016754151,1.2849334688814107
AUT,07T08,0.7881044807722016,1.3367538006249602,1.2849334688814107
AUT,10T12,1.3450210379828627,1.3644599759656908,1.2849334688814107
AUT,13T15,1.0883817197998265,1.2474370786231153,1.2849334688814107
AUT,16,1.1653034675078215,1.3842304576525333,1.2849334688814107
AUT,17T18,0.793417361287046,1.3333094783257702,1.2849334688814107
AUT,19,1.0390021807576637,1.548996672252137,1.2849334688814107
AUT,20,1.0967285562418416,1.3889502885780902,1.2849334688814107
AUT,21,1.1256945359041675,1.2438576778362411,1.2849334688814107
AUT,22,1.461601534570093,1.3033423431989755,1.2849334688814107
AUT,23,1.0687049007362381,1.332638791673199,1.2849334688814107
AUT,24,0.9330765928339158,1.4583258457669377,1.2849334688814107
AUT,25,1.1738017018061062,1.329125411719059,1.2849334688814107
AUT,26,1.1579542511304595,1.2334160959316032,1.2849334688814107
AUT,27,1.2346221978567686,1.2728405183117313,1.2849334688814107
AUT,28,1.1775370575532795,1.2590889763798654,1.2849334688814107
AUT,29T30,1.153447004371865,1.2634736178801036,1.2849334688814107
AUT,31T33,1.248585343737971,1.295065479010495,1.2849334688814107
AUT,35,1.1870867211570917,1.5324133849847652,1.2849334688814107
AUT,36T39,1.1184350027704648,1.2364675057638024,1.2849334688814107
AUT,41T43,1.220773177052586,1.2714618334761547,1.2849334688814107
AUT,45T47,1.130340402840843,1.2082835708058401,1.2849334688814107
AUT,49,0.988355153118755,1.2368280491524557,1.2849334688814107
AUT,50,1.0775803309599288,1.2713786475770847,1.2849334688814107
AUT,51,0.8559326736328248,1.2471981222334114,1.2849334688814107
AUT,52,1.1363317221744786,1.2072885686852506,1.2849334688814107
AUT,53,1.1795578213804474,1.2025973745942546,1.2849334688814107
AUT,55T56,1.2351630523955894,1.223347247755913,1.2849334688814107
AUT,58T60,1.0662549465461166,1.222917350840324,1.2849334688814107
AUT,61,1.1273779987571615,1.1960974077872863,1.2849334688814107
AUT,62T63,1.0256366401399093,1.1787539528350275,1.2849334688814107
AUT,64T66,1.1209525026838878,1.1861401490821235,1.2849334688814107
AUT,68,1.2379333948757605,1.198589503266947,1.2849334688814107
AUT,69T75,1.0952357013027176,1.1992713289403563,1.2849334688814107
AUT,77T82,1.157109152379523,1.1997850254130602,1.2849334688814107
AUT,84,1.2536911256943437,1.2023236047758095,1.2849334688814107
AUT,85,1.251534872831474,1.1938743905639777,1.2849334688814107
AUT,86T88,1.25657672659022,1.2101083941578161,1.2849334688814107
AUT,90T93,1.2206471697816552,1.2068021647223341,1.2849334688814107
AUT,94T98,1.2389097023929685,1.2053774401686381,1.2849334688814107
BEL,01T02,0.5773266747902275,1.3788965160025533,1.2612591848896502
BEL,03,1.14320354659054,1.261082374331712,1.2612591848896502
BEL,05T06,0.00021386693344275926,1.4543323950149878,1.2612591848896502
BEL,07T08,0.9630572520198477,1.251430065775027,1.2612591848896502
BEL,10T12,1.136392805754917,1.4204100901958967,1.2612591848896502
BEL,13T15,0.9403496973474793,1.2630879442157101,1.2612591848896502
BEL,16,1.326940762873601,1.3290710619340294,1.2612591848896502
BEL,17T18,1.0865130608621019,1.2960542855048043,1.2612591848896502
BEL,19,1.0474052447543385,1.484931265071781,1.2612591848896502
BEL,20,0.8051736424575482,1.3367988781298379,1.2612591848896502
BEL,21,1.0926333088269844,1.2103080315009263,1.2612591848896502
BEL,22,1.2987059025716132,1.3582236140149186,1.2612591848896502
BEL,23,0.8308703587548006,1.3018179609665743,1.2612591848896502
BEL,24,2.1059622762838344,1.4491824115907908,1.2612591848896502
BEL,25,1.2275623086876943,1.3139730154110205,1.2612591848896502
BEL,26,1.1576031120492527,1.2312059900988426,1.2612591848896502
BEL,27,1.1771677108728753,1.3042744706695055,1.2612591848896502
BEL,28,1.1625848812606567,1.265060236782582,1.2612591848896502
BEL,29T30,1.1985740162785172,1.2449621205688706,1.2612591848896502
BEL,31T33,1.4112557789140268,1.231299867388863,1.2612591848896502
BEL,35,0.7101355380826031,1.3358660735114893,1.2612591848896502
BEL,36T39,1.3737456206706162,1.2331579080204407,1.2612591848896502
BEL,41T43,1.2138328144445982,1.2644420933855758,1.2612591848896502
BEL,45T47,1.1163294706224527,1.195479354112296,1.2612591848896502
BEL,49,1.1277770529715325,1.2264583293735298,1.2612591848896502
BEL,50,0.13371994632905243,1.3516380826660943,1.2612591848896502
BEL,51,0.8791793146462824,1.3292511085958034,1.2612591848896502
BEL,52,1.011640181254255,1.2312331396132232,1.2612591848896502
BEL,53,1.0491462795907465,1.2331748594950054,1.2612591848896502
BEL,55T56,1.1816812617470263,1.2484225403634768,1.2612591848896502
BEL,58T60,1.0482398288032637,1.1882317267678697,1.2612591848896502
BEL,61,1.099399773891601,1.169020644225413,1.2612591848896502
BEL,62T63,1.0563767770994295,1.1793707663818427,1.2612591848896502
BEL,64T66,1.1025054919623234,1.1380383197009991,1.2612591848896502
BEL,68,1.2128420253832917,1.1635121684997973,1.2612591848896502
BEL,69T75,1.0815446733827427,1.1751156792786277,1.2612591848896502
BEL,77T82,1.0856230083293228,1.2050111479070076,1.2612591848896502
BEL,84,1.2358141438737753,1.1685261177754975,1.2612591848896502
BEL,85,1.241633706617988,1.1589824247101752,1.2612591848896502
BEL,86T88,1.24124747891606,1.1910840458464511,1.2612591848896502
BEL,90T93,1.1955361611363877,1.1987237629466065,1.2612591848896502
BEL,94T98,1.2074086937531843,1.191539180955621,1.2612591848896502
BGR,01T02,0.1835520013255463,1.3744306151270371,1.2909747470877744
BGR,03,1.0284465411086094,1.4526625577078842,1.2909747470877744
BGR,05T06,0.4792372456062739,1.480229216341327,1.2909747470877744
BGR,07T08,0.789927984020931,1.3188814586793747,1.2909747470877744
BGR,10T12,1.1098456648543735,1.460436562456462,1.2909747470877744
BGR,13T15,1.183193290444534,1.21365631832109,1.2909747470877744
BGR,16,0.7779383678207296,1.5379001243520438,1.2909747470877744
BGR,17T18,0.9175059338227094,1.3291080317775075,1.2909747470877744
BGR,19,0.5733993734525111,1.4741660953518807,1.2909747470877744
BGR,20,0.05207903761584206,1.4962789351319696,1.2909747470877744
BGR,21,0.10751218060410556,1.411195259007077,1.2909747470877744
BGR,22,1.506580331496413,1.3177163940360213,1.2909747470877744
BGR,23,0.19547375544632167,1.5181446061806771,1.2909747470877744
BGR,24,3.0656391509021415,1.5780885270585816,1.2909747470877744
BGR,25,1.1943737394129295,1.3179068413062476,1.2909747470877744
BGR,26,1.1551905199498684,1.2298521519447265,1.2909747470877744
BGR,27,1.1383923817712418,1.3229246246961361,1.2909747470877744
BGR,28,1.0859575335714897,1.3066384378910372,1.2909747470877744
BGR,29T30,1.1348292596760108,1.2692941215551796,1.2909747470877744
BGR,31T33,1.5737855060966324,1.2236053251003547,1.2909747470877744
BGR,35,0.18697844099879116,1.3258304243668622,1.2909747470877744
BGR,36T39,1.174207160876801,1.3796734200126508,1.2909747470877744
BGR,41T43,1.177410732740776,1.3520678645263655,1.2909747470877744
BGR,45T47,1.0176637589454618,1.18263652634434,1.2909747470877744
BGR,49,0.557287611295263,1.2800819126107885,1.2909747470877744
BGR,50,0.3938962265971901,1.2973850685020585,1.2909747470877744
BGR,51,1.4391949991593633,1.2978743081408555,1.2909747470877744
BGR,52,0.9716294486205744,1.2308369805962835,1.2909747470877744
BGR,53,1.0777300777353795,1.1590173870228675,1.2909747470877744
BGR,55T56,1.1301088648315287,1.2242938329538997,1.2909747470877744
BGR,58T60,1.2166375605928956,1.1112821684709742,1.2909747470877744
BGR,61,1.1716140630301066,1.1594387003583781,1.2909747470877744
BGR,62T63,1.1415197567241242,1.1027920875049864,1.2909747470877744
BGR,64T66,1.0957344202064343,1.0922073103174468,1.2909747470877744
BGR,68,1.2292871917435861,1.1291248624360464,1.2909747470877744
BGR,69T75,1.126746153736554,1.1182299078631568,1.2909747470877744
BGR,77T82,1.1319849701328677,1.1597159457887087,1.2909747470877744
BGR,84,1.2706742003304177,1.1299068994743482,1.2909747470877744
BGR,85,1.262747731040727,1.0721676929123019,1.2909747470877744
BGR,86T88,1.2577027605679878,1.152316433652939,1.2909747470877744
BGR,90T93,1.2081060174524156,1.144255614483379,1.2909747470877744
BGR,94T98,1.186268569624603,1.1917391854094814,1.2909747470877744
BRA,01T02,0.0358715920669456,1.1858122075978696,1.018217166948873
BRA,03,1.0143744782315038,0.9437471926148289,1.018217166948873
BRA,05T06,0.3525266357947251,1.1016407437449987,1.018217166948873
BRA,07T08,0.7329147561329539,1.0464593105744568,1.018217166948873
BRA,10T12,0.8383597324157811,1.8416556006523366,1.018217166948873
BRA,13T15,1.1068944850422258,1.1101548821528253,1.018217166948873
BRA,16,1.212392036304332,1.237610410850363,1.018217166948873
BRA,17T18,0.9166522193638208,1.1975539224445382,1.018217166948873
BRA,19,0.6255723077093908,1.4831647727550867,1.018217166948873
BRA,20,0.6272193320302665,1.4063102367476212,1.018217166948873
BRA,21,1.0042555863622409,1.0212451352400926,1.018217166948873
BRA,22,0.9878217092530982,1.226941019261691,1.018217166948873
BRA,23,0.3251258099696431,1.2064151509622425,1.018217166948873
BRA,24,0.26908364212291314,1.2754578013723086,1.018217166948873
BRA,25,0.9962518399549324,1.251204445935402,1.018217166948873
BRA,26,1.1198158068394888,1.048223543697822,1.018217166948873
BRA,27,1.0936729572866386,1.1800441850563617,1.018217166948873
BRA,28,1.1006407026926903,1.116613252904543,1.018217166948873
BRA,29T30,1.1433958559079942,1.1371976767498562,1.018217166948873
BRA,31T33,1.0052107091048685,1.0797759779989684,1.018217166948873
BRA,35,0.6082751554568876,1.1302670354514865,1.018217166948873
BRA,36T39,0.9196212418510171,0.9971427366110358,1.018217166948873
BRA,41T43,0.9936171626029958,1.143146012323356,1.018217166948873
BRA,45T47,0.9761183844303714,0.9787731694704392,1.018217166948873
BRA,49,0.6875242464861967,1.1087806202516026,1.018217166948873
BRA,50,0.36030396132862447,1.0975404980592256,1.018217166948873
BRA,51,0.5003556842023978,1.1450727986473601,1.018217166948873
BRA,52,1.0162359426331398,0.9825745188330475,1.018217166948873
BRA,53,0.9741928287684561,0.9758190056474817,1.018217166948873
BRA,55T56,1.0255956147200256,1.1154153566817933,1.018217166948873
BRA,58T60,1.1278867532377121,1.0265952319581262,1.018217166948873
BRA,61,1.0275486292277614,0.9584027252809467,1.018217166948873
BRA,62T63,1.1186668781053335,0.9404588512324915,1.018217166948873
BRA,64T66,0.9857037630088856,0.9332484206452056,1.018217166948873
BRA,68,1.020256329927442,0.9186928034248153,1.018217166948873
BRA,69T75,1.050058517348921,0.9492023509446371,1.018217166948873
BRA,77T82,1.002124369234947,0.9669260377641221,1.018217166948873
BRA,84,1.0139532325462952,0.9407067315627925,1.018217166948873
BRA,85,1.0163315680838962,0.9354514049227233,1.018217166948873
BRA,86T88,1.0175754056216957,0.9644037518557191,1.018217166948873
BRA,90T93,1.059667315621167,0.9709873689633002,1.018217166948873
BRA,94T98,1.0061594155065114,1.0189481442554549,1.018217166948873
BRN,01T02,0.10849189569522837,1.0447258473926184,0.9080979626039253
BRN,03,1.0915815360673848,0.9709516608040424,0.9080979626039253
BRN,05T06,0.5187264643824002,0.8742185491379783,0.9080979626039253
BRN,07T08,4.849574135821813,0.7836078669609998,0.9080979626039253
BRN,10T12,1.6119682034682965,1.1806650809648638,0.9080979626039253
BRN,13T15,1.1395577191303832,1.1132679611958494,0.9080979626039253
BRN,16,1.3220916830830662,1.0512594483395563,0.9080979626039253
BRN,17T18,0.7603487528502584,1.082467094540701,0.9080979626039253
BRN,19,0.7304278510176655,1.0449311796050347,0.9080979626039253
BRN,20,2.521148039481554,1.1746174207245512,0.9080979626039253
BRN,21,1.3479786455279308,1.1210203640823402,0.9080979626039253
BRN,22,0.0037887679361958038,1.2577457740451599,0.9080979626039253
BRN,23,0.5905579190433189,1.0822765190113062,0.9080979626039253
BRN,24,21.805913879747642,0.9441168696272669,0.9080979626039253
BRN,25,0.5039565006830737,1.2125985371471384,0.9080979626039253
BRN,26,0.6290576551188939,1.1277996114874442,0.9080979626039253
BRN,27,1.2921320566933423,1.051780111521203,0.9080979626039253
BRN,28,0.8703180878462988,1.092335571511979,0.9080979626039253
BRN,29T30,1.0209129552575014,1.0490988140651833,0.9080979626039253
BRN,31T33,0.0009163130033268377,1.2587478048602996,0.9080979626039253
BRN,35,0.06471801690194227,1.039699593609724,0.9080979626039253
BRN,36T39,0.8487480624369954,0.8803728595497693,0.9080979626039253
BRN,41T43,0.8273850247551485,1.1516650896851033,0.9080979626039253
BRN,45T47,0.852456515522243,0.9545493541972149,0.9080979626039253
BRN,49,0.5890531129434742,0.9869142406278496,0.9080979626039253
BRN,50,0.28811752094514587,0.9887178882979692,0.9080979626039253
BRN,51,0.5621874807766659,0.8980527656139015,0.9080979626039253
BRN,52,1.1553948986578675,0.9600298272277421,0.9080979626039253
BRN,53,1.175979682611394,1.047972033352518,0.9080979626039253
BRN,55T56,0.9905657251166132,1.1247404807482935,0.9080979626039253
BRN,58T60,1.2770097822937276,0.8676289015762311,0.9080979626039253
BRN,61,0.81314115547432,0.9648074370477883,0.9080979626039253
BRN,62T63,0.9659481841143582,0.968916290962479,0.9080979626039253
BRN,64T66,0.8815013156952849,0.8224463460061725,0.9080979626039253
BRN,68,1.0393715396331515,0.7853244222316279,0.9080979626039253
BRN,69T75,0.8293304668099343,0.9492273211870713,0.9080979626039253
BRN,77T82,0.7242246286361798,1.0853145682883096,0.9080979626039253
BRN,84,0.8488864733872467,0.9541683709688342,0.9080979626039253
BRN,85,0.8821166020584128,0.9040577282703021,0.9080979626039253
BRN,86T88,0.8606024298732923,0.981359426100384,0.9080979626039253
BRN,90T93,0.7326294516477121,1.3058769048064267,0.9080979626039253
BRN,94T98,1.1333818020877495,0.8633125738173688,0.9080979626039253
CAN,01T02,0.1332623172473276,1.4181436572261474,1.0983325560229444
CAN,03,0.9530313396015715,1.1517074931277353,1.0983325560229444
CAN,05T06,0.33842944266143526,1.1341884570140714,1.0983325560229444
CAN,07T08,0.8997737727120592,1.1266455793329857,1.0983325560229444
CAN,10T12,0.9607284220092764,1.5394252429202564,1.0983325560229444
CAN,13T15,1.3940125786602295,1.1395197143840488,1.0983325560229444
CAN,16,0.5241579303922064,1.6924538156268445,1.0983325560229444
CAN,17T18,0.7828695240833092,1.285836662509613,1.0983325560229444
CAN,19,0.2725114835876801,1.5790131628948645,1.0983325560229444
CAN,20,0.49862300695576156,1.2952440805276724,1.0983325560229444
CAN,21,0.9810550164590544,1.1479425701592088,1.0983325560229444
CAN,22,0.8825164023400022,1.2519615269797744,1.0983325560229444
CAN,23,0.667226807554445,1.2993255423175778,1.0983325560229444
CAN,24,1.2092341807995997,1.4044834659506131,1.0983325560229444
CAN,25,1.3369894497303145,1.2192063639146387,1.0983325560229444
CAN,26,1.2350016628800886,1.09537949925684,1.0983325560229444
CAN,27,1.258319400886769,1.2207749990551318,1.0983325560229444
CAN,28,1.2030314739028451,1.1609923196923257,1.0983325560229444
CAN,29T30,1.2506458399689129,1.1744284086788797,1.0983325560229444
CAN,31T33,0.9933184628825721,1.1551505461207439,1.0983325560229444
CAN,35,0.6030984521665469,1.0505738399812057,1.0983325560229444
CAN,36T39,0.9597036098021368,1.067351639293499,1.0983325560229444
CAN,41T43,1.01870858442626,1.1743072906239884,1.0983325560229444
CAN,45T47,1.063736942661003,1.0392513287034453,1.0983325560229444
CAN,49,0.5857540501907381,1.1391628475343034,1.0983325560229444
CAN,50,0.2912781842854566,1.321670141519194,1.0983325560229444
CAN,51,0.2810146143944417,1.1663923563545342,1.0983325560229444
CAN,52,0.8818314288925241,1.1135435231603907,1.0983325560229444
CAN,53,1.002824834761761,1.1152297837076866,1.0983325560229444
CAN,55T56,1.0783893511795406,1.1470827240081791,1.0983325560229444
CAN,58T60,1.1214624281347387,1.0701646356423533,1.0983325560229444
CAN,61,1.0441347590103789,1.0365959199930088,1.0983325560229444
CAN,62T63,1.0608131939119134,1.030215745026447,1.0983325560229444
CAN,64T66,1.0218252805438723,1.031777021305563,1.0983325560229444
CAN,68,1.0698262588196839,1.01045852853141,1.0983325560229444
CAN,69T75,1.0002789612907983,1.041549459840466,1.0983325560229444
CAN,77T82,0.9744540782797269,1.0533404400372115,1.0983325560229444
CAN,84,1.0644498785759096,1.052342954451052,1.0983325560229444
CAN,85,1.0741714008644658,1.0256923641845568,1.0983325560229444
CAN,86T88,1.0639904492462524,1.036274656755596,1.0983325560229444
CAN,90T93,1.07519810293326,1.0753435059971366,1.0983325560229444
CAN,94T98,1.0455775299939198,1.067131050670809,1.0983325560229444
CHE,01T02,1.1851079973376568,1.3694635585981765,1.3238892166607519
CHE,03,1.172306080162253,1.22231134976182,1.3238892166607519
CHE,05T06,0.8582114942665653,1.3175870803098282,1.3238892166607519
CHE,07T08,1.7495533986518934,1.306529876365037,1.3238892166607519
CHE,10T12,1.3248291096011278,1.3843764284269477,1.3238892166607519
CHE,13T15,1.0499780268210803,1.2567823605091737,1.3238892166607519
CHE,16,1.5016194968000462,1.2956910448212908,1.3238892166607519
CHE,17T18,1.1903688196301372,1.2858749814427515,1.3238892166607519
CHE,19,1.4020944443315448,1.4122676473614681,1.3238892166607519
CHE,20,1.7005972818006971,1.3241336191345243,1.3238892166607519
CHE,21,1.2188515859484383,1.2696714860491758,1.3238892166607519
CHE,22,1.382514579048409,1.3181686942681548,1.3238892166607519
CHE,23,1.1204155092449144,1.3696308292018242,1.3238892166607519
CHE,24,5.874089186605352,1.3959498671519612,1.3238892166607519
CHE,25,1.3176496236782265,1.2884683695992023,1.3238892166607519
CHE,26,1.10292894282506,1.269281583401439,1.3238892166607519
CHE,27,1.1717597970550524,1.3071892209753642,1.3238892166607519
CHE,28,1.1316229273595437,1.2770405998809249,1.3238892166607519
CHE,29T30,1.1333773196827395,1.2679493448264878,1.3238892166607519
CHE,31T33,1.4902222702097512,1.2765413011221687,1.3238892166607519
CHE,35,1.9234670586090732,1.2998920184894034,1.3238892166607519
CHE,36T39,1.3774330057892092,1.2735344251968628,1.3238892166607519
CHE,41T43,1.3086294106941085,1.2948646591408755,1.3238892166607519
CHE,45T47,1.0981455145781167,1.2719940427854592,1.3238892166607519
CHE,49,1.264560487140073,1.2920805549278986,1.3238892166607519
CHE,50,1.1741368126234144,1.3827609543023833,1.3238892166607519
CHE,51,0.8077416125159322,1.3388792066169146,1.3238892166607519
CHE,52,1.0154526535356687,1.3184487499576407,1.3238892166607519
CHE,53,1.147762425391599,1.2497475540875187,1.3238892166607519
CHE,55T56,1.1717490566552828,1.285101596481527,1.3238892166607519
CHE,58T60,0.935715102031362,1.239468067613503,1.3238892166607519
CHE,61,1.162716484716558,1.2320677554112707,1.3238892166607519
CHE,62T63,0.9916127232390569,1.204539970553295,1.3238892166607519
CHE,64T66,1.077954866822698,1.2230337021968616,1.3238892166607519
CHE,68,1.2779235136478833,1.2294493561386852,1.3238892166607519
CHE,69T75,1.1489348560919077,1.2361612170512484,1.3238892166607519
CHE,77T82,1.1939656342548945,1.240906412937036,1.3238892166607519
CHE,84,1.286453653939384,1.2440810161542473,1.3238892166607519
CHE,85,1.2352372587380522,1.262569209172502,1.3238892166607519
CHE,86T88,1.3108153442621318,1.2444236813500815,1.3238892166607519
CHE,90T93,1.1959335502195296,1.2442279639659817,1.3238892166607519
CHE,94T98,1.2725195409341516,1.2366945411009533,1.3238892166607519
CHL,01T02,1.0397560875029652,1.5894678346024247,1.5758461801729617
CHL,03,1.1052625125324107,1.5390496484438525,1.5758461801729617
CHL,05T06,0.09530628671950626,1.4796409645186406,1.5758461801729617
CHL,07T08,0.5577553734922739,1.5561706228019643,1.5758461801729617
CHL,10T12,1.2848032123350777,1.655892034638135,1.5758461801729617
CHL,13T15,0.8309575091222563,1.4763502553585999,1.5758461801729617
CHL,16,0.8898025600470028,1.699129258888082,1.5758461801729617
CHL,17T18,0.6036624324969218,1.6930231582436697,1.5758461801729617
CHL,19,0.7600865310728222,2.003891265852744,1.5758461801729617
CHL,20,0.8782511189790247,1.6589507264295589,1.5758461801729617
CHL,21,1.1199269044083782,1.4875944012917381,1.5758461801729617
CHL,22,0.351830641746305,1.5996019497421545,1.5758461801729617
CHL,23,0.7184620872205528,1.8394763876992277,1.5758461801729617
CHL,24,4.443403769709523,1.631125437499053,1.5758461801729617
CHL,25,1.2281421189287682,1.5713978102640167,1.5758461801729617
CHL,26,1.2732312130126602,1.4783581830889831,1.5758461801729617
CHL,27,1.0243161870470145,1.5578909735195912,1.5758461801729617
CHL,28,1.082151409660444,1.5417220605411215,1.5758461801729617
CHL,29T30,1.0097547008347605,1.4788380395037224,1.5758461801729617
CHL,31T33,0.7368264482830341,1.5035943068304456,1.5758461801729617
CHL,35,0.5708903521799467,2.2630681508046258,1.5758461801729617
CHL,36T39,1.451948278195649,1.5088403102471677,1.5758461801729617
CHL,41T43,1.4990031471206797,1.5430329106009084,1.5758461801729617
CHL,45T47,1.1294265150622178,1.4608506948228366,1.5758461801729617
CHL,49,0.8475104815139928,1.5337165192973,1.5758461801729617
CHL,50,0.201293640183961,1.508272588507078,1.5758461801729617
CHL,51,0.28508867176099434,1.4973761422162108,1.5758461801729617
CHL,52,1.0589944675794358,1.45141536264802,1.5758461801729617
CHL,53,1.1812908679972758,1.5031835084680814,1.5758461801729617
CHL,55T56,1.3641595390373145,1.515421390813262,1.5758461801729617
CHL,58T60,1.0718300973598482,1.4609161746094723,1.5758461801729617
CHL,61,1.4139944122421553,1.468813334932608,1.5758461801729617
CHL,62T63,1.102091407244112,1.4130664667167032,1.5758461801729617
CHL,64T66,1.2959816277958598,1.413829641018001,1.5758461801729617
CHL,68,1.4352535861201101,1.4236440021546706,1.5758461801729617
CHL,69T75,1.3713433194408078,1.4196811732553922,1.5758461801729617
CHL,77T82,1.2013444669029434,1.4211164831597425,1.5758461801729617
CHL,84,1.528569128930351,1.4385814527357206,1.5758461801729617
CHL,85,1.5486733571379645,1.4322815600607977,1.5758461801729617
CHL,86T88,1.536884916770067,1.4465885265696907,1.5758461801729617
CHL,90T93,1.4268582971354133,1.4233045102995665,1.5758461801729617
CHL,94T98,1.4185677696970111,1.4328494225929123,1.5758461801729617
CHN,01T02,0.617710054394062,1.2605440930025564,1.092074216435906
CHN,03,0.9865417282097156,1.128101389033152,1.092074216435906
CHN,05T06,0.22466251256637454,1.3776365525329046,1.092074216435906
CHN,07T08,0.16800215752050893,1.5125355185918996,1.092074216435906
CHN,10T12,0.948925223782508,1.3853120010830204,1.092074216435906
CHN,13T15,0.9019628907933614,1.2972445987323173,1.092074216435906
CHN,16,0.8256922255771627,1.4260290694684605,1.092074216435906
CHN,17T18,0.8763846972585112,1.3285513329166727,1.092074216435906
CHN,19,0.3696538610605334,1.4241694337432942,1.092074216435906
CHN,20,0.4914918679998783,1.5306197693001988,1.092074216435906
CHN,21,0.8027930892114207,1.263157261952789,1.092074216435906
CHN,22,0.641746614738174,1.5107949373328546,1.092074216435906
CHN,23,0.4058344866279685,1.6167089127366565,1.092074216435906
CHN,24,0.2323878777511844,1.7343275987402564,1.092074216435906
CHN,25,0.8181549901848884,1.5943262803206042,1.092074216435906
CHN,26,1.0088158406116405,1.2385345023912477,1.092074216435906
CHN,27,0.8798470213173852,1.4942622651717263,1.092074216435906
CHN,28,0.887981407249971,1.4143734613159589,1.092074216435906
CHN,29T30,0.9841893801812163,1.2821624834266654,1.092074216435906
CHN,31T33,0.7305948765603945,1.2931427449967063,1.092074216435906
CHN,35,0.13664814119554322,1.825690661323769,1.092074216435906
CHN,36T39,0.7276936425563152,1.2637381089428839,1.092074216435906
CHN,41T43,1.0625191756891048,1.59660316950499,1.092074216435906
CHN,45T47,0.9755286755684568,0.9704095976737395,1.092074216435906
CHN,49,0.7795268052510019,1.134339288471884,1.092074216435906
CHN,50,0.2298001949307711,1.3579733845039947,1.092074216435906
CHN,51,0.6002985676333116,1.2205272524485855,1.092074216435906
CHN,52,0.649698140175413,1.2116963740266686,1.092074216435906
CHN,53,0.8442189836200578,1.0940588656918713,1.092074216435906
CHN,55T56,0.988521031195407,1.1501715225860965,1.092074216435906
CHN,58T60,1.1108756815464875,1.0477388422597538,1.092074216435906
CHN,61,1.0141728004929094,1.0580823188556556,1.092074216435906
CHN,62T63,1.1210882117013727,0.9366217249451105,1.092074216435906
CHN,64T66,0.919410069127053,0.883021056401564,1.092074216435906
CHN,68,1.0569718163985171,0.8887308045921561,1.092074216435906
CHN,69T75,0.9286192637351115,1.0720183654918494,1.092074216435906
CHN,77T82,0.9068552741498119,1.0613921904521468,1.092074216435906
CHN,84,1.0741938561284987,0.9474074866790679,1.092074216435906
CHN,85,1.0865598861909054,0.9354817904542135,1.092074216435906
CHN,86T88,1.078309886215368,1.0037337322876718,1.092074216435906
CHN,90T93,1.0772195266365396,0.9585611451484419,1.092074216435906
CHN,94T98,1.0432287746801119,0.9764621380607863,1.092074216435906
COL,01T02,0.11572823111174256,1.1507955778028462,1.0898532299211352
COL,03,1.0530116675090637,1.2677216857266822,1.0898532299211352
COL,05T06,0.49727003703466777,1.138311441877793,1.0898532299211352
COL,07T08,0.52459565674513,1.063584221649329,1.0898532299211352
COL,10T12,0.8753997288740233,1.7487704400285762,1.0898532299211352
COL,13T15,0.9453472667798208,1.1051814028914932,1.0898532299211352
COL,16,0.945905846588144,1.4191880990108143,1.0898532299211352
COL,17T18,0.8418840529654025,1.1795219171671185,1.0898532299211352
COL,19,0.5215031441111236,1.4131611181091692,1.0898532299211352
COL,20,1.4485688882738301,1.1891792339984608,1.0898532299211352
COL,21,1.3032195149173365,1.0718922316240878,1.0898532299211352
COL,22,1.4524212322053467,1.2171434474075913,1.0898532299211352
COL,23,0.6137219220646243,1.210221725561227,1.0898532299211352
COL,24,0.941744800730239,1.3706394038055132,1.0898532299211352
COL,25,1.1457110083521511,1.2448886704910556,1.0898532299211352
COL,26,1.1259025129672195,1.1649321517402391,1.0898532299211352
COL,27,1.1831502320278637,1.2199060441851346,1.0898532299211352
COL,28,1.1161879208751428,1.1973439101247048,1.0898532299211352
COL,29T30,1.2957394028422733,1.109030385394027,1.0898532299211352
COL,31T33,1.2015068745702489,1.110020310072509,1.0898532299211352
COL,35,0.6113052875530116,1.256265455677137,1.0898532299211352
COL,36T39,0.9863487855357302,1.04185104666683,1.0898532299211352
COL,41T43,1.0617615129961377,1.1958858178189085,1.0898532299211352
COL,45T47,1.0194238936045037,1.00799788343337,1.0898532299211352
COL,49,0.7444013585336706,1.1121335068598195,1.0898532299211352
COL,50,0.5749453365744166,1.1003936805713326,1.0898532299211352
COL,51,0.6826309684193366,1.1624942343802227,1.0898532299211352
COL,52,0.9939357253516862,0.9888088171979273,1.0898532299211352
COL,53,1.0030769153450683,1.0521965227838936,1.0898532299211352
COL,55T56,1.0846150374825887,1.1814977728735854,1.0898532299211352
COL,58T60,1.2281025799299279,1.008468828888836,1.0898532299211352
COL,61,1.0847253478932137,0.9712744924902351,1.0898532299211352
COL,62T63,1.1237225066776568,0.9604656774304645,1.0898532299211352
COL,64T66,1.0764428187871684,0.9676307203563227,1.0898532299211352
COL,68,1.0797672547427362,0.9358460510070244,1.0898532299211352
COL,69T75,1.0751143183889176,0.9665415397276527,1.0898532299211352
COL,77T82,1.0380322034545795,0.9573880193210134,1.0898532299211352
COL,84,1.067622792453888,1.0030184030923008,1.0898532299211352
COL,85,1.0902330602857266,0.9688184909293569,1.0898532299211352
COL,86T88,1.080489119069885,0.9952464869840852,1.0898532299211352
COL,90T93,1.104876808231508,0.9807722523711782,1.0898532299211352
COL,94T98,1.086626110367041,0.9820899812515014,1.0898532299211352
CRI,01T02,1.0012086897991135,1.318826183100289,1.285050305835829
CRI,03,0.8900041882531612,1.3289513620708209,1.285050305835829
CRI,05T06,1.2981802226874464,1.2804451432926311,1.285050305835829
CRI,07T08,0.897751564645482,1.2708524395262994,1.285050305835829
CRI,10T12,1.1457766115319048,1.4581404493164976,1.285050305835829
CRI,13T15,0.7174233784660992,1.2335490519859125,1.285050305835829
CRI,16,0.9344704729106054,1.3895297442718293,1.285050305835829
CRI,17T18,1.0116663111326927,1.2727990391972677,1.285050305835829
CRI,19,1.3378087640687055,1.3110829112466866,1.285050305835829
CRI,20,1.8872646645405182,1.3123998549301108,1.285050305835829
CRI,21,1.0181513848466563,1.2578296319625348,1.285050305835829
CRI,22,1.7357125055308564,1.3580867139065285,1.285050305835829
CRI,23,0.6403938451994615,1.3465839842495502,1.285050305835829
CRI,24,3.416960039634628,1.4561403724853488,1.285050305835829
CRI,25,1.1637446610629554,1.3218431849768413,1.285050305835829
CRI,26,1.104389323716699,1.2286063764806012,1.285050305835829
CRI,27,1.1893892114655855,1.3136971987460093,1.285050305835829
CRI,28,1.1111780718599793,1.3123658131112779,1.285050305835829
CRI,29T30,1.1636075174094702,1.2825232187273616,1.285050305835829
CRI,31T33,1.2458446454793832,1.2555787738694295,1.285050305835829
CRI,35,1.89363537743362,1.2039789748005587,1.285050305835829
CRI,36T39,1.249462225639336,1.214622887182988,1.285050305835829
CRI,41T43,1.230648109942649,1.3575704066752148,1.285050305835829
CRI,45T47,1.0608924580829597,1.2159796410186476,1.285050305835829
CRI,49,0.9398625745587286,1.2392660302935294,1.285050305835829
CRI,50,0.3426696782387409,1.324874451419357,1.285050305835829
CRI,51,1.9425468485521455,1.2903572264547427,1.285050305835829
CRI,52,0.977988531168089,1.2604157089643253,1.285050305835829
CRI,53,1.2558707685392019,1.2151336684619134,1.285050305835829
CRI,55T56,1.1136277517701698,1.2845866293361754,1.285050305835829
CRI,58T60,1.0236345411784427,1.2546813356587843,1.285050305835829
CRI,61,1.1448920055399654,1.20842848978636,1.285050305835829
CRI,62T63,1.074697990203462,1.1910757475689622,1.285050305835829
CRI,64T66,1.1758208871068936,1.1920572869641937,1.285050305835829
CRI,68,1.2559888971673,1.204851705707989,1.285050305835829
CRI,69T75,1.0944181879677388,1.2032777780895516,1.285050305835829
CRI,77T82,1.122767814823426,1.201568311550069,1.285050305835829
CRI,84,1.26687449377294,1.1991798420252644,1.285050305835829
CRI,85,1.2654080811179775,1.2044853549648573,1.285050305835829
CRI,86T88,1.267009989021641,1.2099358559295121,1.285050305835829
CRI,90T93,1.0699124612356503,1.217758214998277,1.285050305835829
CRI,94T98,1.2309588773610458,1.216187061923579,1.285050305835829
CYP,01T02,1.3884151968925644,1.2872808004315228,1.2338522030315173
CYP,03,1.0479120893976115,1.2087838850026726,1.2338522030315173
CYP,05T06,0.6674180436983849,1.3799530288468274,1.2338522030315173
CYP,07T08,0.5424991777063407,1.4838765614991085,1.2338522030315173
CYP,10T12,1.1871877365785592,1.3993401805531311,1.2338522030315173
CYP,13T15,1.2847587506992078,1.2177248065501682,1.2338522030315173
CYP,16,1.3525397881718977,1.2533764972851398,1.2338522030315173
CYP,17T18,1.1716450782560162,1.2502655653116703,1.2338522030315173
CYP,19,0.011606634324119692,1.2034273023476494,1.2338522030315173
CYP,20,2.112888654387928,1.2842526511260377,1.2338522030315173
CYP,21,1.201699732212802,1.2552990594745645,1.2338522030315173
CYP,22,1.1597870886963615,1.3647445909439364,1.2338522030315173
CYP,23,0.08819537940310665,1.7251490070899023,1.2338522030315173
CYP,24,3.251193559029428,1.3927899948408846,1.2338522030315173
CYP,25,1.1712165367070158,1.354350409919669,1.2338522030315173
CYP,26,0.9931953515184895,1.3889045962508575,1.2338522030315173
CYP,27,1.2953001187398971,1.2569159237589105,1.2338522030315173
CYP,28,1.1777706956464242,1.2525022186844015,1.2338522030315173
CYP,29T30,1.2059138180476079,1.2503160566749183,1.2338522030315173
CYP,31T33,1.2262909941231808,1.2427483769715661,1.2338522030315173
CYP,35,0.26300638572334334,1.3099439060648426,1.2338522030315173
CYP,36T39,1.1365233461666404,1.3482045987166102,1.2338522030315173
CYP,41T43,1.1398889923754902,1.3233714727133736,1.2338522030315173
CYP,45T47,1.0738054729337234,1.2059310683648792,1.2338522030315173
CYP,49,0.8685463020516528,1.2272142610253496,1.2338522030315173
CYP,50,2.6523515905887813,1.168738079167001,1.2338522030315173
CYP,51,0.4958174644172237,1.226355674344302,1.2338522030315173
CYP,52,1.0417176411916755,1.1980444745965086,1.2338522030315173
CYP,53,0.9540281247556296,1.2073028091701443,1.2338522030315173
CYP,55T56,1.0620697320712889,1.2599461871164601,1.2338522030315173
CYP,58T60,1.0245702812751738,1.14940585185625,1.2338522030315173
CYP,61,1.0179184274098527,1.190035491386973,1.2338522030315173
CYP,62T63,0.8568449434102509,1.1053996925462424,1.2338522030315173
CYP,64T66,0.9486028611451873,1.120244956125568,1.2338522030315173
CYP,68,1.157189593852878,1.158029713165273,1.2338522030315173
CYP,69T75,1.12722602198874,1.1548036918742792,1.2338522030315173
CYP,77T82,1.06093774909657,1.1706995500969772,1.2338522030315173
CYP,84,1.2087426277453386,1.1851049036715176,1.2338522030315173
CYP,85,1.203855153069973,1.1609714136811247,1.2338522030315173
CYP,86T88,1.198621812292722,1.203248258282611,1.2338522030315173
CYP,90T93,1.1666504611672885,1.186909107715033,1.2338522030315173
CYP,94T98,1.1723592119137607,1.1820162018955505,1.2338522030315173
CZE,01T02,0.8462377904613557,1.2971957180677685,1.2349470269548373
CZE,03,0.9493981621986983,1.440684713286227,1.2349470269548373
CZE,05T06,0.20910544264910166,1.2475053043699955,1.2349470269548373
CZE,07T08,0.6353433049224887,1.3121671396617525,1.2349470269548373
CZE,10T12,1.0838964868182392,1.4235846885038261,1.2349470269548373
CZE,13T15,0.8377784975992306,1.2870136157433463,1.2349470269548373
CZE,16,0.9556411905941231,1.4174503204942195,1.2349470269548373
CZE,17T18,0.9768867822059074,1.3204186863050786,1.2349470269548373
CZE,19,0.4190030425734155,1.6346744095019325,1.2349470269548373
CZE,20,0.5960951449362971,1.37718158434697,1.2349470269548373
CZE,21,0.8171158422387429,1.210697735967282,1.2349470269548373
CZE,22,1.3628283765649047,1.297871574142669,1.2349470269548373
CZE,23,0.5153688442571978,1.4547810782259603,1.2349470269548373
CZE,24,0.4878619265347051,1.4946211379341647,1.2349470269548373
CZE,25,1.1273990125757434,1.3028967338888713,1.2349470269548373
CZE,26,1.0876856878518526,1.282457439849567,1.2349470269548373
CZE,27,1.1236817575980766,1.3102198969578778,1.2349470269548373
CZE,28,1.041569760108489,1.3178499143366458,1.2349470269548373
CZE,29T30,1.1424411538061119,1.2569738350547626,1.2349470269548373
CZE,31T33,1.2435612713160635,1.2322866297664232,1.2349470269548373
CZE,35,0.2194406152529181,1.5655836543713906,1.2349470269548373
CZE,36T39,0.9505308168978944,1.2390260328059028,1.2349470269548373
CZE,41T43,1.1435506014793237,1.2354818132126004,1.2349470269548373
CZE,45T47,1.0234604890267192,1.1631742768194822,1.2349470269548373
CZE,49,0.7821154368894113,1.2134714393476027,1.2349470269548373
CZE,50,0.41824854366043823,1.2934636060620894,1.2349470269548373
CZE,51,1.1485733779469611,1.3390193451246124,1.2349470269548373
CZE,52,0.9374866318881333,1.2354761899161115,1.2349470269548373
CZE,53,1.1041414559980327,1.1526434531350729,1.2349470269548373
CZE,55T56,1.1686079933649256,1.2081607409070747,1.2349470269548373
CZE,58T60,1.1551244433682126,1.140731272951403,1.2349470269548373
CZE,61,1.144453100328696,1.125101539842348,1.2349470269548373
CZE,62T63,1.1238317279854189,1.0904680084450868,1.2349470269548373
CZE,64T66,1.0822306388676868,1.1046054503247456,1.2349470269548373
CZE,68,1.1595099682575902,1.1838396038589871,1.2349470269548373
CZE,69T75,1.0683978100077636,1.1516393822296032,1.2349470269548373
CZE,77T82,1.041877956711999,1.203876619557456,1.2349470269548373
CZE,84,1.1942002758583952,1.13231603666221,1.2349470269548373
CZE,85,1.2123649753214332,1.1157293062886433,1.2349470269548373
CZE,86T88,1.2157988602742924,1.152010908372969,1.2349470269548373
CZE,90T93,1.1843236097863874,1.1686451094135633,1.2349470269548373
CZE,94T98,1.1755775020627155,1.1428528189923595,1.2349470269548373
DEU,01T02,0.5647380473590597,1.3145469519412216,1.274404928519334
DEU,03,1.0707884331250317,1.2332137515567125,1.274404928519334
DEU,05T06,0.3476703976627519,1.3467996079514022,1.274404928519334
DEU,07T08,0.8996774540496778,1.221071472318776,1.274404928519334
DEU,10T12,1.2124691134812806,1.4120509104689623,1.274404928519334
DEU,13T15,1.0267294710607342,1.2677208385739571,1.274404928519334
DEU,16,1.1626737877303468,1.414200715180035,1.274404928519334
DEU,17T18,1.0281248280852051,1.3020389339272602,1.274404928519334
DEU,19,0.7796482914408298,1.4583892095403161,1.274404928519334
DEU,20,1.1502458968110951,1.322308295858861,1.274404928519334
DEU,21,1.1034959732838683,1.233135184935226,1.274404928519334
DEU,22,1.3948996618387057,1.3030569942164396,1.274404928519334
DEU,23,0.9919570725967521,1.3458774791234496,1.274404928519334
DEU,24,0.6447315658512585,1.5143021897970976,1.274404928519334
DEU,25,1.2680143255798377,1.2997245428569237,1.274404928519334
DEU,26,1.151071240162655,1.2285802024463308,1.274404928519334
DEU,27,1.2650817891108275,1.2557549224568614,1.274404928519334
DEU,28,1.1760387964324521,1.2552832722704175,1.274404928519334
DEU,29T30,1.1825187715347563,1.2515573161063007,1.274404928519334
DEU,31T33,1.3348479409817977,1.2532130390357321,1.274404928519334
DEU,35,0.5120483365060522,1.4300343614740596,1.274404928519334
DEU,36T39,1.1444753654053206,1.223788134689067,1.274404928519334
DEU,41T43,1.206590209913424,1.2656763984362418,1.274404928519334
DEU,45T47,1.1012312236168316,1.2129951664364036,1.274404928519334
DEU,49,1.1746412917203386,1.243304135350768,1.274404928519334
DEU,50,1.3190422601689764,1.3683864901551526,1.274404928519334
DEU,51,0.5193158134489553,1.3067957052922043,1.274404928519334
DEU,52,1.0483780068187372,1.241385093638021,1.274404928519334
DEU,53,1.100759750045709,1.2337979200916283,1.274404928519334
DEU,55T56,1.1829309893430544,1.2522585356776634,1.274404928519334
DEU,58T60,1.1125711499639779,1.1980437007673932,1.274404928519334
DEU,61,1.1584945247891871,1.2037650733280982,1.274404928519334
DEU,62T63,1.081591348085484,1.1669738887243386,1.274404928519334
DEU,64T66,1.1456468222209124,1.1808633903439911,1.274404928519334
DEU,68,1.2160050537299896,1.1783512836665466,1.274404928519334
DEU,69T75,1.1246693010711186,1.1853577232331194,1.274404928519334
DEU,77T82,1.1361882787740514,1.2058229118292711,1.274404928519334
DEU,84,1.2220502014481445,1.1953979215516919,1.274404928519334
DEU,85,1.2520281832441418,1.1732455685270176,1.274404928519334
DEU,86T88,1.2616017032358366,1.1971933335125782,1.274404928519334
DEU,90T93,1.2217333584364152,1.1923595885649017,1.274404928519334
DEU,94T98,1.2384749096461234,1.190542478753596,1.274404928519334
DNK,01T02,0.5881004680184161,1.3869691818469445,1.2678695472582708
DNK,03,0.6447619429968628,1.253322435650766,1.2678695472582708
DNK,05T06,0.6502032997023044,1.2392691409640675,1.2678695472582708
DNK,07T08,0.8169779923271934,1.353859751197766,1.2678695472582708
DNK,10T12,1.1270265856736614,1.4185980018468198,1.2678695472582708
DNK,13T15,1.122036640298641,1.2568167618108312,1.2678695472582708
DNK,16,1.520412807870219,1.340537551084463,1.2678695472582708
DNK,17T18,1.3646060700875,1.257054203469926,1.2678695472582708
DNK,19,0.9123144040942295,1.4626476605720262,1.2678695472582708
DNK,20,1.9287276719925168,1.2706540502815298,1.2678695472582708
DNK,21,1.4138019059225433,1.204856490310898,1.2678695472582708
DNK,22,1.5436904367074582,1.2795401359956144,1.2678695472582708
DNK,23,0.8263576046546731,1.3392526197876984,1.2678695472582708
DNK,24,4.0326493442875915,1.380612871932354,1.2678695472582708
DNK,25,1.282318084843769,1.2876885391042128,1.2678695472582708
DNK,26,1.165251904106405,1.2306977227554334,1.2678695472582708
DNK,27,1.2973013686387984,1.2482005640867206,1.2678695472582708
DNK,28,1.1754591446504952,1.2609228757321909,1.2678695472582708
DNK,29T30,1.144594022650958,1.2650961173881152,1.2678695472582708
DNK,31T33,1.440151463946754,1.2476932277240889,1.2678695472582708
DNK,35,0.6168493919217711,1.2928135583647973,1.2678695472582708
DNK,36T39,1.2222428325771384,1.218784108264898,1.2678695472582708
DNK,41T43,1.211543246734698,1.2705003469507299,1.2678695472582708
DNK,45T47,1.1271842657188866,1.2074770572355376,1.2678695472582708
DNK,49,0.9414158921579342,1.3355895082319575,1.2678695472582708
DNK,50,0.6796141059517218,1.291971369572922,1.2678695472582708
DNK,51,0.8488212534435815,1.2739254314079622,1.2678695472582708
DNK,52,0.9993348621033362,1.2269827340473503,1.2678695472582708
DNK,53,1.1146481990591268,1.2260147594097535,1.2678695472582708
DNK,55T56,1.1856161744199416,1.2609964610148814,1.2678695472582708
DNK,58T60,1.1203771891434486,1.1954338572661622,1.2678695472582708
DNK,61,1.1349149579227518,1.2067364030329175,1.2678695472582708
DNK,62T63,1.0766421755315907,1.1917825832841589,1.2678695472582708
DNK,64T66,1.1399468445840817,1.1816500371800542,1.2678695472582708
DNK,68,1.2289276990223879,1.1929316395330878,1.2678695472582708
DNK,69T75,1.1265833960536984,1.1970669784180792,1.2678695472582708
DNK,77T82,1.1255315699081279,1.2444062802542768,1.2678695472582708
DNK,84,1.2486852507207864,1.1994391296150266,1.2678695472582708
DNK,85,1.2564405260607525,1.1940114546405787,1.2678695472582708
DNK,86T88,1.2634558371669098,1.202537285855413,1.2678695472582708
DNK,90T93,1.2362029972864612,1.2066499918674314,1.2678695472582708
DNK,94T98,1.2200103529520563,1.19840465033069,1.2678695472582708
ESP,01T02,1.2135778488985824,1.2757090318103947,1.2697848254212156
ESP,03,0.8607489544229419,1.2523545670358658,1.2697848254212156
ESP,05T06,0.06425112430698657,1.2012630926873515,1.2697848254212156
ESP,07T08,0.6762223681975154,1.3219528247061683,1.2697848254212156
ESP,10T12,1.2011589942397587,1.4464537448811945,1.2697848254212156
ESP,13T15,1.1243266690921674,1.2400795527662447,1.2697848254212156
ESP,16,1.1441562811258914,1.3286194065510435,1.2697848254212156
ESP,17T18,1.0558929342554917,1.3146017479028513,1.2697848254212156
ESP,19,0.7672925337882263,1.5932295613378573,1.2697848254212156
ESP,20,0.9893843867599317,1.3867959297279595,1.2697848254212156
ESP,21,0.9550166569341372,1.2735944721070438,1.2697848254212156
ESP,22,1.3034491970726605,1.323583993565879,1.2697848254212156
ESP,23,0.6487383408290704,1.4148245204512175,1.2697848254212156
ESP,24,1.5101972069915965,1.4299062672011729,1.2697848254212156
ESP,25,1.0958859545954829,1.3659597158472776,1.2697848254212156
ESP,26,1.1380449839121543,1.240998299794578,1.2697848254212156
ESP,27,1.0993230211878489,1.33314162906162,1.2697848254212156
ESP,28,1.0900343122106362,1.2986120535638708,1.2697848254212156
ESP,29T30,1.1064476146529647,1.2929382421514795,1.2697848254212156
ESP,31T33,1.2904214559471894,1.2466038456651969,1.2697848254212156
ESP,35,0.652472443704439,1.3975685225265413,1.2697848254212156
ESP,36T39,1.1899343141051009,1.2544632217353733,1.2697848254212156
ESP,41T43,1.2105938269326189,1.2692950504684344,1.2697848254212156
ESP,45T47,1.1308541731671906,1.2087382642145332,1.2697848254212156
ESP,49,0.8722855877112085,1.2785518615382077,1.2697848254212156
ESP,50,0.06370272838563523,1.2585033344291225,1.2697848254212156
ESP,51,0.49853018173444136,1.304101843635149,1.2697848254212156
ESP,52,1.043452648266636,1.2569868481833961,1.2697848254212156
ESP,53,1.074396966855798,1.2308206957254293,1.2697848254212156
ESP,55T56,1.2126683826159295,1.2427846303728007,1.2697848254212156
ESP,58T60,1.0911702578867029,1.202746538817593,1.2697848254212156
ESP,61,1.1303790701899905,1.2300883604463726,1.2697848254212156
ESP,62T63,1.0430366082097167,1.1998270158728221,1.2697848254212156
ESP,64T66,1.1476732212972953,1.1750920486496181,1.2697848254212156
ESP,68,1.2278655191514358,1.165477041314979,1.2697848254212156
ESP,69T75,1.1208857628742521,1.19888754343839,1.2697848254212156
ESP,77T82,1.096381429832378,1.210076541959267,1.2697848254212156
ESP,84,1.2245976145170698,1.1938368793238492,1.2697848254212156
ESP,85,1.236425228237588,1.1749782382042004,1.2697848254212156
ESP,86T88,1.2511846439202403,1.1978372584348562,1.2697848254212156
ESP,90T93,1.2145308917166928,1.1967329236572362,1.2697848254212156
ESP,94T98,1.2278491564625214,1.1795552535244755,1.2697848254212156
EST,01T02,0.1498927871953826,1.4644632405172138,1.1374225239630964
EST,03,1.1002432231281223,1.1461813528588305,1.1374225239630964
EST,05T06,0.05535543844101253,1.2174099907764613,1.1374225239630964
EST,07T08,0.07990622038035668,1.240239950266078,1.1374225239630964
EST,10T12,0.9964757401592131,1.4901791153002593,1.1374225239630964
EST,13T15,1.2376313089744144,1.2052489403834585,1.1374225239630964
EST,16,0.322579851908215,1.684569934070331,1.1374225239630964
EST,17T18,0.7397167308271622,1.4452530811845798,1.1374225239630964
EST,19,0.0014947970838402101,1.678247203429662,1.1374225239630964
EST,20,1.2329443655841192,1.3902524312539142,1.1374225239630964
EST,21,1.4350457803659273,1.165301710992109,1.1374225239630964
EST,22,1.3319758738008298,1.2919162887739604,1.1374225239630964
EST,23,0.6652624587068748,1.3638029511401557,1.1374225239630964
EST,24,2.84409453624806,1.5215644042451126,1.1374225239630964
EST,25,1.1478193486218435,1.3045647495389812,1.1374225239630964
EST,26,1.1231329374907326,1.1925574827323493,1.1374225239630964
EST,27,1.3347691957696628,1.2198587427510867,1.1374225239630964
EST,28,1.1435322717049692,1.2389015432104153,1.1374225239630964
EST,29T30,1.2477611617671096,1.1929576887822138,1.1374225239630964
EST,31T33,1.1962301683585905,1.257525859324582,1.1374225239630964
EST,35,0.10960170681783453,1.5303101010965536,1.1374225239630964
EST,36T39,1.3159850673100508,1.263787334710482,1.1374225239630964
EST,41T43,1.0686921841879222,1.2502488656654915,1.1374225239630964
EST,45T47,1.0475205215945842,1.1063879574740882,1.1374225239630964
EST,49,0.8276648291077374,1.1309031029502188,1.1374225239630964
EST,50,0.6111404294613648,1.166144368243252,1.1374225239630964
EST,51,2.7540971537683285,1.283723106749368,1.1374225239630964
EST,52,0.9508876330769284,1.2007315594932781,1.1374225239630964
EST,53,1.1734019325374878,1.119434587393311,1.1374225239630964
EST,55T56,1.1312159993564306,1.205218985909688,1.1374225239630964
EST,58T60,1.1151888063038131,1.107516084995919,1.1374225239630964
EST,61,1.1568900126868733,1.06182680749804,1.1374225239630964
EST,62T63,1.1540674306685592,1.044824744101332,1.1374225239630964
EST,64T66,1.1014885790989075,1.0391737162759973,1.1374225239630964
EST,68,1.0929277095593035,1.0855322472107847,1.1374225239630964
EST,69T75,1.094608047585315,1.082508572832627,1.1374225239630964
EST,77T82,1.0585844072660795,1.0923730652564616,1.1374225239630964
EST,84,1.1208397260934084,1.0751918568500698,1.1374225239630964
EST,85,1.1260443302489536,1.0893292905123884,1.1374225239630964
EST,86T88,1.127946688783511,1.0880167331764332,1.1374225239630964
EST,90T93,1.1064686915090947,1.1372460174158916,1.1374225239630964
EST,94T98,1.0824557634681018,1.1605311154868023,1.1374225239630964
FIN,01T02,0.5623669968507069,1.292633588848699,1.217723050871195
FIN,03,0.7269504954672369,1.2111259336784088,1.217723050871195
FIN,05T06,0.031560367169897886,1.2935065938945962,1.217723050871195
FIN,07T08,1.0616822383435098,1.2889976349892223,1.217723050871195
FIN,10T12,1.1846078119632484,1.4091218296461188,1.217723050871195
FIN,13T15,1.2342922735687165,1.210505515917609,1.217723050871195
FIN,16,0.9139501650854219,1.5969732180498224,1.217723050871195
FIN,17T18,0.7062132813568339,1.428779022566795,1.217723050871195
FIN,19,0.893797892703597,1.3713715345915478,1.217723050871195
FIN,20,0.8511605287460636,1.3471205663761185,1.217723050871195
FIN,21,1.2540705299439514,1.1437228353368876,1.217723050871195
FIN,22,1.3014748993691378,1.3002807568671577,1.217723050871195
FIN,23,1.1074058031174911,1.304866945796024,1.217723050871195
FIN,24,1.3896558817160058,1.4272242359706548,1.217723050871195
FIN,25,1.2611638212409686,1.2960344191938737,1.217723050871195
FIN,26,1.17844694018308,1.1625220475644382,1.217723050871195
FIN,27,1.2767682684173118,1.2366668312125926,1.217723050871195
FIN,28,1.1984162021371445,1.2085653317378668,1.217723050871195
FIN,29T30,1.1736619455304087,1.2402837736083718,1.217723050871195
FIN,31T33,1.2662951534042255,1.1957830334241373,1.217723050871195
FIN,35,0.5258798080992131,1.302505697742677,1.217723050871195
FIN,36T39,1.1710063730447209,1.196857296175435,1.217723050871195
FIN,41T43,1.1568111535530552,1.2445625233478448,1.217723050871195
FIN,45T47,1.092344588512123,1.1666097800566866,1.217723050871195
FIN,49,1.0196098720333806,1.2027815184260562,1.217723050871195
FIN,50,0.5759836712269641,1.227100790740666,1.217723050871195
FIN,51,0.6369470519699036,1.239517040042751,1.217723050871195
FIN,52,1.018125853636003,1.2242927235833554,1.217723050871195
FIN,53,1.1048373760591077,1.1850048697405187,1.217723050871195
FIN,55T56,1.149177380743192,1.219899708974857,1.217723050871195
FIN,58T60,1.0769320284956359,1.169442205410904,1.217723050871195
FIN,61,1.145539070942329,1.1459628581482288,1.217723050871195
FIN,62T63,1.0387611839385402,1.1408754879105094,1.217723050871195
FIN,64T66,1.111956950051631,1.145896913174835,1.217723050871195
FIN,68,1.1801636899285577,1.1467601033096673,1.217723050871195
FIN,69T75,1.1020156071787082,1.1515308641410629,1.217723050871195
FIN,77T82,1.1032225923707093,1.167497103019755,1.217723050871195
FIN,84,1.1815518795714512,1.168941421776376,1.217723050871195
FIN,85,1.204725315362335,1.1442727364776388,1.217723050871195
FIN,86T88,1.2096561227786946,1.1533690198536957,1.217723050871195
FIN,90T93,1.1784956846752925,1.1989649517721526,1.217723050871195
FIN,94T98,1.1803871747819874,1.2012448775555358,1.217723050871195
FRA,01T02,0.7707036049517394,1.3467458842309763,1.2335048351557787
FRA,03,0.8110776598492344,1.2633555518440192,1.2335048351557787
FRA,05T06,0.01797387675974821,1.1715205114244152,1.2335048351557787
FRA,07T08,0.81444070869368,1.2786878235128105,1.2335048351557787
FRA,10T12,1.1896017313143923,1.3855279886077496,1.2335048351557787
FRA,13T15,1.1163158774180009,1.2288694475876314,1.2335048351557787
FRA,16,1.1558538781023964,1.372527201659254,1.2335048351557787
FRA,17T18,1.1558837495085093,1.247475527106357,1.2335048351557787
FRA,19,1.1228005496180453,1.4309677607590137,1.2335048351557787
FRA,20,1.2034391339933608,1.2904324675543861,1.2335048351557787
FRA,21,1.104927636049655,1.2221659323460958,1.2335048351557787
FRA,22,1.4314676059190856,1.2757693619505321,1.2335048351557787
FRA,23,0.9359194171949808,1.314433230655234,1.2335048351557787
FRA,24,0.42803474060393293,1.3728362164035468,1.2335048351557787
FRA,25,1.2272083497494701,1.293372201368542,1.2335048351557787
FRA,26,1.1319800168052647,1.2213513207029092,1.2335048351557787
FRA,27,1.2297148815982288,1.2682855612417363,1.2335048351557787
FRA,28,1.1433531710057627,1.2589976622128827,1.2335048351557787
FRA,29T30,1.1664662431568642,1.247186497014892,1.2335048351557787
FRA,31T33,1.3490774257883407,1.2406377100860082,1.2335048351557787
FRA,35,1.0183977689215467,1.3488714485029127,1.2335048351557787
FRA,36T39,1.1221645598561913,1.2222043080460006,1.2335048351557787
FRA,41T43,1.2082032137257492,1.2533781372579424,1.2335048351557787
FRA,45T47,1.1186868639332723,1.192724116725767,1.2335048351557787
FRA,49,1.1481169863294816,1.21321647306782,1.2335048351557787
FRA,50,0.897244846321723,1.301132678737271,1.2335048351557787
FRA,51,0.6937633486413662,1.2709607292637006,1.2335048351557787
FRA,52,1.1137931862752741,1.1919181540414923,1.2335048351557787
FRA,53,1.1659821503959453,1.1755773846804207,1.2335048351557787
FRA,55T56,1.1873905571645926,1.234020911295066,1.2335048351557787
FRA,58T60,1.0957575509127826,1.2091825581200457,1.2335048351557787
FRA,61,1.125971380152253,1.1894161511338706,1.2335048351557787
FRA,62T63,1.1336637999655066,1.1726803745246785,1.2335048351557787
FRA,64T66,1.1187219486352193,1.1753466372209236,1.2335048351557787
FRA,68,1.2014968062492204,1.1644214421130292,1.2335048351557787
FRA,69T75,1.130929614383249,1.183007272575447,1.2335048351557787
FRA,77T82,1.1185709741731398,1.1807752296242424,1.2335048351557787
FRA,84,1.2120965342266738,1.1788450085952966,1.2335048351557787
FRA,85,1.2068840019914002,1.1752831444356784,1.2335048351557787
FRA,86T88,1.2224030819089569,1.176969088712664,1.2335048351557787
FRA,90T93,1.1927664902212185,1.1997290756203525,1.2335048351557787
FRA,94T98,1.1955727034908377,1.184727082321804,1.2335048351557787
GBR,01T02,0.5482799969402976,1.3455309550841026,1.1953525114595231
GBR,03,0.8988532265784712,1.2537593968703822,1.1953525114595231
GBR,05T06,0.5819165683675931,1.2127793778816147,1.1953525114595231
GBR,07T08,1.100407744194967,1.3005124693083607,1.1953525114595231
GBR,10T12,1.244886685672419,1.3537607946886208,1.1953525114595231
GBR,13T15,1.1815020105278142,1.1793260661592662,1.1953525114595231
GBR,16,1.316676393298998,1.320210962320763,1.1953525114595231
GBR,17T18,1.1964763490388697,1.2385386256626585,1.1953525114595231
GBR,19,0.6968868730875354,1.4755161539062138,1.1953525114595231
GBR,20,1.0387867357088172,1.2936710809278535,1.1953525114595231
GBR,21,1.2553545825004437,1.1896453407093117,1.1953525114595231
GBR,22,1.139896797049745,1.2787496626073767,1.1953525114595231
GBR,23,0.9877774468163953,1.2722898255309543,1.1953525114595231
GBR,24,0.694885285301572,1.3792964611887815,1.1953525114595231
GBR,25,1.238141039887242,1.2471614396101245,1.1953525114595231
GBR,26,1.1450775637477546,1.1808706927091093,1.1953525114595231
GBR,27,1.246406944388514,1.2359554648868176,1.1953525114595231
GBR,28,1.1334330690440486,1.2277827278035667,1.1953525114595231
GBR,29T30,1.1406232782584964,1.2437291515250186,1.1953525114595231
GBR,31T33,1.1753874141093683,1.2065550953040993,1.1953525114595231
GBR,35,0.7513268860201695,1.567348712316609,1.1953525114595231
GBR,36T39,1.140020982442168,1.1706206061438054,1.1953525114595231
GBR,41T43,1.1623930082251943,1.2006846356309162,1.1953525114595231
GBR,45T47,1.1106520832361095,1.168937179916131,1.1953525114595231
GBR,49,1.0286678424239568,1.1920904555835088,1.1953525114595231
GBR,50,1.1759143057942276,1.2048768221155495,1.1953525114595231
GBR,51,0.423681438346243,1.3231438218570686,1.1953525114595231
GBR,52,1.0824615327111644,1.2009210621805346,1.1953525114595231
GBR,53,1.0967927780405686,1.161086349092145,1.1953525114595231
GBR,55T56,1.1794568655157232,1.1918259939381652,1.1953525114595231
GBR,58T60,1.1472309625994639,1.1562293178622034,1.1953525114595231
GBR,61,1.1251568325443275,1.1441478536420377,1.1953525114595231
GBR,62T63,1.104289896945535,1.1439506262010926,1.1953525114595231
GBR,64T66,1.0645361493308056,1.1525662123742682,1.1953525114595231
GBR,68,1.1763855275430786,1.1346582947667214,1.1953525114595231
GBR,69T75,1.0961823695425015,1.152467381939003,1.1953525114595231
GBR,77T82,1.0954962327233795,1.1707606372644506,1.1953525114595231
GBR,84,1.175099655779592,1.1576025753059214,1.1953525114595231
GBR,85,1.167187791878049,1.1465954176660889,1.1953525114595231
GBR,86T88,1.1841918866810102,1.1592130103599088,1.1953525114595231
GBR,90T93,1.1576367704324864,1.1623057191703863,1.1953525114595231
GBR,94T98,1.1788786868345589,1.1437561114904382,1.1953525114595231
GRC,01T02,1.323182102090957,1.2951624650052591,1.2416206024734218
GRC,03,1.1936636618972063,1.1559896951514923,1.2416206024734218
GRC,05T06,0.023902194026431636,1.2257783271152498,1.2416206024734218
GRC,07T08,0.7149529311243241,1.2312108434324431,1.2416206024734218
GRC,10T12,1.2073691200201084,1.39364841446942,1.2416206024734218
GRC,13T15,0.930968149846165,1.2733861645437383,1.2416206024734218
GRC,16,1.3189743389515474,1.3156535720997367,1.2416206024734218
GRC,17T18,1.2124044019943334,1.2475908914527667,1.2416206024734218
GRC,19,0.621555800795491,1.5384211122720373,1.2416206024734218
GRC,20,1.0787242674976776,1.2870949583047608,1.2416206024734218
GRC,21,1.2840814195426826,1.2200614112909665,1.2416206024734218
GRC,22,1.1523993867944964,1.3210492749309162,1.2416206024734218
GRC,23,0.1401525194813494,1.5351801608258697,1.2416206024734218
GRC,24,0.6484645016443059,1.7101055045224562,1.2416206024734218
GRC,25,1.0177810326862495,1.3682656909874087,1.2416206024734218
GRC,26,1.1501873536151692,1.2313127997347015,1.2416206024734218
GRC,27,0.9014517077744207,1.4748721164432659,1.2416206024734218
GRC,28,1.0641015027532919,1.3009195724121998,1.2416206024734218
GRC,29T30,1.058184469958437,1.2457910286005802,1.2416206024734218
GRC,31T33,1.2024020103384827,1.2575439375836663,1.2416206024734218
GRC,35,0.36002781480369317,1.547910379000066,1.2416206024734218
GRC,36T39,1.1756829310732644,1.481562193830152,1.2416206024734218
GRC,41T43,1.1786557036590546,1.393817604626335,1.2416206024734218
GRC,45T47,1.0910245223780515,1.1625943103091818,1.2416206024734218
GRC,49,1.1381390053889,1.2197513904818666,1.2416206024734218
GRC,50,0.19828660592556774,1.653224480403385,1.2416206024734218
GRC,51,1.0646600063696776,1.275693806660419,1.2416206024734218
GRC,52,0.8929871250705197,1.2468186429852584,1.2416206024734218
GRC,53,1.0237416696122756,1.1973438327220993,1.2416206024734218
GRC,55T56,1.1728777149342808,1.2393380196861472,1.2416206024734218
GRC,58T60,1.1059265175438138,1.1876776319455933,1.2416206024734218
GRC,61,1.1833038046381068,1.157484240412952,1.2416206024734218
GRC,62T63,1.107466447684637,1.1458987376286827,1.2416206024734218
GRC,64T66,1.1439349707466655,1.110187056116586,1.2416206024734218
GRC,68,1.179609136126576,1.1109420430673969,1.2416206024734218
GRC,69T75,1.0830900769866103,1.141580405344956,1.2416206024734218
GRC,77T82,1.1520742507156239,1.1764796634125076,1.2416206024734218
GRC,84,1.2207832248250479,1.1294861677918533,1.2416206024734218
GRC,85,1.2266199712835217,1.1198616486068047,1.2416206024734218
GRC,86T88,1.2274970091506248,1.1630751056309043,1.2416206024734218
GRC,90T93,1.1923123319743865,1.1719587955421307,1.2416206024734218
GRC,94T98,1.1962358880820014,1.1953796742135494,1.2416206024734218
HRV,01T02,0.6426931664404015,1.3262161002530197,1.2590314260972058
HRV,03,0.9706042453584187,1.313081848756021,1.2590314260972058
HRV,05T06,0.13846983069841115,1.4591226086761244,1.2590314260972058
HRV,07T08,0.9405100544363643,1.3001547218529836,1.2590314260972058
HRV,10T12,1.1761897118506293,1.3785172843889655,1.2590314260972058
HRV,13T15,1.0964725481846653,1.2492667578844066,1.2590314260972058
HRV,16,1.2671412077208555,1.3389287955878688,1.2590314260972058
HRV,17T18,1.0588192617300178,1.2859720124276839,1.2590314260972058
HRV,19,0.8878636917884343,1.4295004787522763,1.2590314260972058
HRV,20,0.04360994825848094,1.3782462829893758,1.2590314260972058
HRV,21,0.9382363966873558,1.231463463065968,1.2590314260972058
HRV,22,1.3262013882194295,1.2991597852678987,1.2590314260972058
HRV,23,0.29056053195069026,1.2946782206424927,1.2590314260972058
HRV,24,1.774651554636369,1.3642890571036022,1.2590314260972058
HRV,25,1.2631997239829547,1.2490928080893104,1.2590314260972058
HRV,26,1.2200945958600444,1.1644169776551319,1.2590314260972058
HRV,27,1.2464050086622547,1.2517676852875674,1.2590314260972058
HRV,28,1.2210237518180762,1.230475738200072,1.2590314260972058
HRV,29T30,1.1551804284953768,1.2461536835043558,1.2590314260972058
HRV,31T33,1.2390912173860047,1.3110141268172375,1.2590314260972058
HRV,35,0.8745929460161128,1.2496192975746656,1.2590314260972058
HRV,36T39,1.1463229625012428,1.223235856984605,1.2590314260972058
HRV,41T43,1.0947059557831857,1.323905825392054,1.2590314260972058
HRV,45T47,1.092668046983513,1.2159788243869725,1.2590314260972058
HRV,49,1.0108682013107426,1.2050927340220783,1.2590314260972058
HRV,50,0.1771433423768356,1.3518852724974186,1.2590314260972058
HRV,51,2.1292965255046994,1.213794109858094,1.2590314260972058
HRV,52,1.0888537134434435,1.2560842834091261,1.2590314260972058
HRV,53,1.1229914418694078,1.1790430941219388,1.2590314260972058
HRV,55T56,1.207828691283154,1.216896777089243,1.2590314260972058
HRV,58T60,1.0740246587470228,1.1732865372209111,1.2590314260972058
HRV,61,1.170389241101559,1.1641362889486049,1.2590314260972058
HRV,62T63,1.0606972048633896,1.1562157799655364,1.2590314260972058
HRV,64T66,1.112781067529382,1.1375587733131172,1.2590314260972058
HRV,68,1.209895671176988,1.2036294291335239,1.2590314260972058
HRV,69T75,1.0697587847496244,1.1843318309903825,1.2590314260972058
HRV,77T82,1.1311307169819207,1.2029960668360002,1.2590314260972058
HRV,84,1.2147338355830557,1.1814509640551378,1.2590314260972058
HRV,85,1.2224219105419114,1.1474648819419306,1.2590314260972058
HRV,86T88,1.2269296838435546,1.189996700711861,1.2590314260972058
HRV,90T93,1.190467287558006,1.1971291905744639,1.2590314260972058
HRV,94T98,1.1807806475911455,1.1895501011600649,1.2590314260972058
HUN,01T02,0.44200059503934347,1.3721060025408132,1.2169987213454556
HUN,03,0.9347088435009203,1.2898667149456757,1.2169987213454556
HUN,05T06,0.05024212186881856,1.2914712476522876,1.2169987213454556
HUN,07T08,0.7948800832786561,1.3973700795153399,1.2169987213454556
HUN,10T12,0.9229198416108318,1.533894121270296,1.2169987213454556
HUN,13T15,1.1633651264595914,1.2139099272901281,1.2169987213454556
HUN,16,1.045631628561491,1.3668403997671235,1.2169987213454556
HUN,17T18,0.9504050408724763,1.2559917821298274,1.2169987213454556
HUN,19,0.9377101673799233,1.4136849229193975,1.2169987213454556
HUN,20,0.37201255905129277,1.3613484245465692,1.2169987213454556
HUN,21,0.9234219916000971,1.1967499670187145,1.2169987213454556
HUN,22,1.3639672344203089,1.311591573803541,1.2169987213454556
HUN,23,0.7384210604612608,1.3822179077190506,1.2169987213454556
HUN,24,1.1702025353863308,1.4328202046420266,1.2169987213454556
HUN,25,1.1476578409942026,1.3141589616961569,1.2169987213454556
HUN,26,1.1606740662917523,1.2044788994979059,1.2169987213454556
HUN,27,1.1450687681774856,1.2988528083252047,1.2169987213454556
HUN,28,1.1459450036109906,1.2502206691571884,1.2169987213454556
HUN,29T30,1.197183880284874,1.2376614932902872,1.2169987213454556
HUN,31T33,1.397313455932757,1.2001095778464357,1.2169987213454556
HUN,35,0.1986372993534196,1.2710943578624407,1.2169987213454556
HUN,36T39,1.090874513640022,1.196491021782921,1.2169987213454556
HUN,41T43,1.144111949012587,1.266389242822688,1.2169987213454556
HUN,45T47,1.0074439946761302,1.1804917225328104,1.2169987213454556
HUN,49,0.8253625145542097,1.1943809556291274,1.2169987213454556
HUN,50,0.23154747985090585,1.2611679019799649,1.2169987213454556
HUN,51,0.4678793728274328,1.2608015583610057,1.2169987213454556
HUN,52,1.0074923308312036,1.1587275759942535,1.2169987213454556
HUN,53,1.146250338499549,1.1336494470751795,1.2169987213454556
HUN,55T56,1.1460501332603796,1.2454922825471704,1.2169987213454556
HUN,58T60,1.1424063949017087,1.1403369363248534,1.2169987213454556
HUN,61,1.1668186224872246,1.1099429361101558,1.2169987213454556
HUN,62T63,1.126745579168287,1.0968280417382814,1.2169987213454556
HUN,64T66,1.1011214606534527,1.0967160242607625,1.2169987213454556
HUN,68,1.1509466648555788,1.113492569565594,1.2169987213454556
HUN,69T75,1.1001771953522643,1.124704698953745,1.2169987213454556
HUN,77T82,1.0600646727233378,1.1488566751625322,1.2169987213454556
HUN,84,1.1836238558874428,1.112356669565444,1.2169987213454556
HUN,85,1.1927088562778831,1.1033531778827614,1.2169987213454556
HUN,86T88,1.1903585724447532,1.1400929073447044,1.2169987213454556
HUN,90T93,1.17221435641807,1.1562748525585949,1.2169987213454556
HUN,94T98,1.1503270618751167,1.1306644829412293,1.2169987213454556
IDN,01T02,0.06642341397712949,0.972198640073801,1.0144896035570565
IDN,03,1.0011132835452334,0.8164351455857383,1.0144896035570565
IDN,05T06,0.20671256340484204,1.0941030753260088,1.0144896035570565
IDN,07T08,0.7026237509964046,0.9195302232790451,1.0144896035570565
IDN,10T12,0.8721801802464367,1.7157651076758436,1.0144896035570565
IDN,13T15,1.7344086539956616,0.9906283922243913,1.0144896035570565
IDN,16,0.5344916379329534,1.6452137239081481,1.0144896035570565
IDN,17T18,0.7261453894435865,1.1821022584303675,1.0144896035570565
IDN,19,0.5160715561970197,1.462856623796554,1.0144896035570565
IDN,20,0.3531992874427071,1.3123794797591577,1.0144896035570565
IDN,21,0.6683404554343408,1.2659137527707662,1.0144896035570565
IDN,22,0.2332992564915741,1.7681986715301705,1.0144896035570565
IDN,23,0.1427240145058054,1.367102355394727,1.0144896035570565
IDN,24,0.9924023244079557,1.1085663429344648,1.0144896035570565
IDN,25,0.8888608874193572,1.2543549037574933,1.0144896035570565
IDN,26,1.0932538095755915,1.145450607490693,1.0144896035570565
IDN,27,1.1908526334566254,1.1681741957265903,1.0144896035570565
IDN,28,0.921775224760444,1.2397843544748512,1.0144896035570565
IDN,29T30,1.2947682033682035,0.9842159958050886,1.0144896035570565
IDN,31T33,0.2813154337008429,1.1788812911850313,1.0144896035570565
IDN,35,0.10671158632521104,2.752644744861328,1.0144896035570565
IDN,36T39,0.9316089147914086,1.0821323956101772,1.0144896035570565
IDN,41T43,0.9301485026021952,1.183365654502288,1.0144896035570565
IDN,45T47,0.9277827500983373,0.9136706601703855,1.0144896035570565
IDN,49,0.6282577092006836,0.9508927758965146,1.0144896035570565
IDN,50,0.21144510607388783,1.1511853222059438,1.0144896035570565
IDN,51,0.8726747266042396,1.0191901485522425,1.0144896035570565
IDN,52,0.9478390282444525,0.9865021198799151,1.0144896035570565
IDN,53,0.9843249260401715,1.0079722771342439,1.0144896035570565
IDN,55T56,1.0032324637131704,1.1908190591789138,1.0144896035570565
IDN,58T60,0.9988806021832817,1.019465256136644,1.0144896035570565
IDN,61,0.9556805731770891,0.8613779096827341,1.0144896035570565
IDN,62T63,0.9560995458205623,1.009070124311214,1.0144896035570565
IDN,64T66,0.902676696981544,0.8055806145929983,1.0144896035570565
IDN,68,1.0061675653801778,0.8356441373223709,1.0144896035570565
IDN,69T75,1.8745846126191406,0.863338188280908,1.0144896035570565
IDN,77T82,0.9346732779538239,0.8575217548492642,1.0144896035570565
IDN,84,0.9711183697027916,0.9638446857679194,1.0144896035570565
IDN,85,1.0052924321042536,0.8770430993663219,1.0144896035570565
IDN,86T88,0.9864072837379544,1.040075321071461,1.0144896035570565
IDN,90T93,1.089530584258965,0.9277492078789958,1.0144896035570565
IDN,94T98,0.9926035554292998,0.8730102687932554,1.0144896035570565
IND,01T02,0.4998552993841169,1.0046685839433713,1.111205514789719
IND,03,1.1081969378793641,0.9159040078601375,1.111205514789719
IND,05T06,0.2395536245262299,1.0660753894376018,1.111205514789719
IND,07T08,0.2222991062544992,1.1841975075570434,1.111205514789719
IND,10T12,1.065373983763185,1.5347704263483337,1.111205514789719
IND,13T15,0.9499768171301248,1.2679584979609546,1.111205514789719
IND,16,1.1383714399971512,1.1936600184835027,1.111205514789719
IND,17T18,0.8330600926931416,1.2352114594649388,1.111205514789719
IND,19,0.49839824139987093,1.400278551438502,1.111205514789719
IND,20,0.6337612544543823,1.32054948860022,1.111205514789719
IND,21,1.0189831353238477,1.0858542466999996,1.111205514789719
IND,22,0.23787399265471787,1.341109401841567,1.111205514789719
IND,23,0.2879124558810363,1.3405393183325434,1.111205514789719
IND,24,0.025187116420988677,1.5057750004327417,1.111205514789719
IND,25,0.8368298702370814,1.3926771387940533,1.111205514789719
IND,26,0.9298487503633113,1.374707367031036,1.111205514789719
IND,27,0.8938096635963734,1.5442680959807664,1.111205514789719
IND,28,0.8934017301581144,1.3872900605643792,1.111205514789719
IND,29T30,0.9580429589242331,1.507035190353544,1.111205514789719
IND,31T33,0.11438036979590971,1.338047414264356,1.111205514789719
IND,35,0.13736688681954634,1.205673636651742,1.111205514789719
IND,36T39,0.8152854917290239,1.1375247901165222,1.111205514789719
IND,41T43,1.0570486591494141,1.3676605004637874,1.111205514789719
IND,45T47,0.9411014809619309,0.9589554492885309,1.111205514789719
IND,49,0.7294068960771496,1.1125074979621987,1.111205514789719
IND,50,0.33109830346609387,1.153704202405062,1.111205514789719
IND,51,0.4308695423288545,1.3242145121118447,1.111205514789719
IND,52,0.7312942747904505,1.1812401199743958,1.111205514789719
IND,53,0.765748990385883,1.0057698021270831,1.111205514789719
IND,55T56,0.9208914477888345,1.4227885939264204,1.111205514789719
IND,58T60,0.9921845425294695,1.1261828532733753,1.111205514789719
IND,61,0.8316651398245433,1.3094268240430937,1.111205514789719
IND,62T63,1.3522386053172422,0.9429483581200121,1.111205514789719
IND,64T66,0.9636680943619541,1.0345207541530976,1.111205514789719
IND,68,1.0656784858128054,0.9130146725093143,1.111205514789719
IND,69T75,0.8852221007286311,1.0609703063499376,1.111205514789719
IND,77T82,0.8388165205122933,1.0283596823534085,1.111205514789719
IND,84,1.0986789536619965,1.0053542407406924,1.111205514789719
IND,85,1.0905096217015935,0.9221865514954021,1.111205514789719
IND,86T88,1.1003386627021339,0.9773600862137415,1.111205514789719
IND,90T93,1.0937373013736171,1.0197801828038546,1.111205514789719
IND,94T98,1.0494716273702795,1.0810693547256245,1.111205514789719
IRL,01T02,0.1268815822405675,1.3986420932426065,1.3981880597349907
IRL,03,0.8247875191665648,1.390566600844896,1.3981880597349907
IRL,05T06,0.03338536695534493,1.4546034991849193,1.3981880597349907
IRL,07T08,0.7843760733830186,1.4813467485154657,1.3981880597349907
IRL,10T12,1.2014686554584142,1.4015536413010656,1.3981880597349907
IRL,13T15,0.7526288561397684,1.2362323203910834,1.3981880597349907
IRL,16,0.9130381972719797,1.4694305129691962,1.3981880597349907
IRL,17T18,1.3251218618505218,1.233886790185516,1.3981880597349907
IRL,19,2.073694195933044,1.287176000163648,1.3981880597349907
IRL,20,2.1329209806886573,1.2501200050896946,1.3981880597349907
IRL,21,1.401572272495983,1.2152103088904451,1.3981880597349907
IRL,22,1.6612692060091498,1.2705214242185654,1.3981880597349907
IRL,23,0.576395173546718,1.372753719175478,1.3981880597349907
IRL,24,0.5996889727336737,1.3456696922204203,1.3981880597349907
IRL,25,1.3035542129492301,1.2621889361224894,1.3981880597349907
IRL,26,0.9579467373182285,1.248116884448603,1.3981880597349907
IRL,27,1.2074784232486557,1.2776384323202203,1.3981880597349907
IRL,28,1.0004067379085124,1.2631506229622669,1.3981880597349907
IRL,29T30,1.1850246579073358,1.2672039361272072,1.3981880597349907
IRL,31T33,1.53162137180469,1.2359022659766727,1.3981880597349907
IRL,35,0.681593292428872,1.2629656857200302,1.3981880597349907
IRL,36T39,1.2741171343612618,1.252607965335522,1.3981880597349907
IRL,41T43,1.2963672787129368,1.306394838726107,1.3981880597349907
IRL,45T47,1.000161632598408,1.2371527753738387,1.3981880597349907
IRL,49,1.2299083453078472,1.2516387489041387,1.3981880597349907
IRL,50,0.6850246468838302,1.3920053570302398,1.3981880597349907
IRL,51,0.05180366299532446,1.2862920763764207,1.3981880597349907
IRL,52,1.0689297926486598,1.249033540328807,1.3981880597349907
IRL,53,1.0854341759032253,1.2328486575640154,1.3981880597349907
IRL,55T56,1.2726093220366175,1.2505552391737171,1.3981880597349907
IRL,58T60,1.0659219314156823,1.2130045112929957,1.3981880597349907
IRL,61,1.0790862900956517,1.230014074418603,1.3981880597349907
IRL,62T63,0.9879228329472519,1.2100502099985806,1.3981880597349907
IRL,64T66,0.937341586227593,1.2049906855316022,1.3981880597349907
IRL,68,1.1921134539724325,1.2188585915619896,1.3981880597349907
IRL,69T75,0.9888379215407019,1.2239945052357804,1.3981880597349907
IRL,77T82,0.9868709578517009,1.2275803913752035,1.3981880597349907
IRL,84,1.3505478719394783,1.2392569821343573,1.3981880597349907
IRL,85,1.3269975432480023,1.227276928466359,1.3981880597349907
IRL,86T88,1.3633748334892144,1.2312598637066883,1.3981880597349907
IRL,90T93,1.1983877996320744,1.2425472198992855,1.3981880597349907
IRL,94T98,1.2740756791882097,1.2249095982553515,1.3981880597349907
ISL,01T02,0.6149779056795498,1.2760900193397333,1.1911544070887428
ISL,03,0.7207036154760633,1.1846891899371268,1.1911544070887428
ISL,05T06,1.0089500794010602,1.2125878119791857,1.1911544070887428
ISL,07T08,0.9575776691555612,1.1997445543008514,1.1911544070887428
ISL,10T12,1.427631734099971,1.3288005706674928,1.1911544070887428
ISL,13T15,1.2066637512629725,1.2075148678883942,1.1911544070887428
ISL,16,1.9314055431916128,1.272052712451614,1.1911544070887428
ISL,17T18,1.4584242324351553,1.1908805254886758,1.1911544070887428
ISL,19,1.5952628327051428,1.152889729135657,1.1911544070887428
ISL,20,1.696675063990225,1.2512410833470622,1.1911544070887428
ISL,21,0.9581933776123058,1.3660006939587577,1.1911544070887428
ISL,22,1.5729160218041147,1.2450969198341069,1.1911544070887428
ISL,23,1.4905104844263233,1.208161889903015,1.1911544070887428
ISL,24,0.38592676519637265,1.3816947438126073,1.1911544070887428
ISL,25,1.2707590759504332,1.2481241740394222,1.1911544070887428
ISL,26,1.1623170679202357,1.210143960398497,1.1911544070887428
ISL,27,0.9497723235571858,1.2435245794687484,1.1911544070887428
ISL,28,1.1735151925139184,1.2104455497916724,1.1911544070887428
ISL,29T30,1.1056289479177461,1.2138990463544834,1.1911544070887428
ISL,31T33,1.2625128053812378,1.2047688473147775,1.1911544070887428
ISL,35,0.9903468790059579,1.1561298554636268,1.1911544070887428
ISL,36T39,0.9600595878989712,1.1776021520315387,1.1911544070887428
ISL,41T43,1.169288570543626,1.2105854280635042,1.1911544070887428
ISL,45T47,1.0659386616915676,1.2174074873719476,1.1911544070887428
ISL,49,1.0714205996912995,1.2090648990125699,1.1911544070887428
ISL,50,0.6497252638804307,1.2761911975308138,1.1911544070887428
ISL,51,0.6402116746541284,1.3165204552760779,1.1911544070887428
ISL,52,0.9508812963373628,1.1761835646449166,1.1911544070887428
ISL,53,1.0904512600713243,1.1534436515327657,1.1911544070887428
ISL,55T56,1.246229955617972,1.1820902684239913,1.1911544070887428
ISL,58T60,1.0804103880767344,1.1710772241453364,1.1911544070887428
ISL,61,1.065007811107379,1.1487028937786892,1.1911544070887428
ISL,62T63,1.098275271740436,1.1327698752781892,1.1911544070887428
ISL,64T66,1.0489522873134716,1.1262555930814175,1.1911544070887428
ISL,68,1.1792215983441876,1.1244099202380076,1.1911544070887428
ISL,69T75,1.1017879764229885,1.1369294746850955,1.1911544070887428
ISL,77T82,1.1004895825818821,1.215981822236925,1.1911544070887428
ISL,84,1.1803783116481328,1.1402167632958755,1.1911544070887428
ISL,85,1.1892630873000642,1.1250712150441544,1.1911544070887428
ISL,86T88,1.18815746094531,1.1283625728064588,1.1911544070887428
ISL,90T93,1.1982705558646753,1.1428261032908476,1.1911544070887428
ISL,94T98,1.1723098688880667,1.1411214566463423,1.1911544070887428
ISR,01T02,2.779812768995397,1.4235622650575555,1.2982005685191644
ISR,03,1.1789594397706957,1.328232934757176,1.2982005685191644
ISR,05T06,0.048670798208249655,1.289810782122684,1.2982005685191644
ISR,07T08,0.7944874321692275,1.2597519947067402,1.2982005685191644
ISR,10T12,1.3603465218277182,1.3621280543034935,1.2982005685191644
ISR,13T15,0.8935980292503088,1.2829903377465852,1.2982005685191644
ISR,16,1.5555490998898613,1.2940326856381654,1.2982005685191644
ISR,17T18,1.360910174723076,1.2805458543078274,1.2982005685191644
ISR,19,1.0338151650236382,1.4742301956323283,1.2982005685191644
ISR,20,1.7336092323607952,1.303485646209243,1.2982005685191644
ISR,21,1.27888599075331,1.2655974887518338,1.2982005685191644
ISR,22,0.7193577717294994,1.339079623122161,1.2982005685191644
ISR,23,0.8654989090947381,1.3867684232995587,1.2982005685191644
ISR,24,3.3714012709849976,1.4612419142671071,1.2982005685191644
ISR,25,1.3429430636193844,1.29913648225808,1.2982005685191644
ISR,26,1.1741010153016576,1.238081616950917,1.2982005685191644
ISR,27,1.2595241077516799,1.2809246585294716,1.2982005685191644
ISR,28,1.1909691092791284,1.2743695418795065,1.2982005685191644
ISR,29T30,1.1734517966936557,1.2809748828946408,1.2982005685191644
ISR,31T33,0.6297426430158475,1.2354227864004836,1.2982005685191644
ISR,35,0.45734319180392347,1.4275403150829178,1.2982005685191644
ISR,36T39,1.2852958967510602,1.306686779173997,1.2982005685191644
ISR,41T43,1.2809002375701863,1.2978663356999007,1.2982005685191644
ISR,45T47,1.1338219247556665,1.2260978542509204,1.2982005685191644
ISR,49,1.0644639038892911,1.2794631890514745,1.2982005685191644
ISR,50,0.6021881091025784,1.3644874979161927,1.2982005685191644
ISR,51,1.2870795582612988,1.319191776351589,1.2982005685191644
ISR,52,0.9594703846119571,1.250824378740909,1.2982005685191644
ISR,53,1.1990009161650574,1.2327327545844622,1.2982005685191644
ISR,55T56,1.18120704152856,1.2991218228016832,1.2982005685191644
ISR,58T60,1.0222431971167008,1.2279952620497734,1.2982005685191644
ISR,61,1.1701693361323082,1.213338882223316,1.2982005685191644
ISR,62T63,0.9363861104563127,1.2072203597151643,1.2982005685191644
ISR,64T66,1.0874830611096153,1.2178262303074532,1.2982005685191644
ISR,68,1.260972662337069,1.2085195081631563,1.2982005685191644
ISR,69T75,1.162705325537255,1.2211458816782297,1.2982005685191644
ISR,77T82,1.189613302784948,1.208423714496176,1.2982005685191644
ISR,84,1.2807738592400904,1.2566777200636552,1.2982005685191644
ISR,85,1.287541590691665,1.2212659374236572,1.2982005685191644
ISR,86T88,1.2906496574456792,1.2265873969540175,1.2982005685191644
ISR,90T93,1.2582765878378483,1.2129108335816232,1.2982005685191644
ISR,94T98,1.2510771372636573,1.2653215653454017,1.2982005685191644
ITA,01T02,1.1799151376492514,1.304890232371027,1.2975058750699648
ITA,03,0.9022295736634508,1.2917752028151765,1.2975058750699648
ITA,05T06,0.5404188764182568,1.2940824571177658,1.2975058750699648
ITA,07T08,1.0711632481456776,1.2047317063489662,1.2975058750699648
ITA,10T12,1.2865728894536308,1.3951812735653937,1.2975058750699648
ITA,13T15,1.0931017811462287,1.2578362511068077,1.2975058750699648
ITA,16,1.3455052412134825,1.3298581191589456,1.2975058750699648
ITA,17T18,1.1703455914330456,1.301524591547007,1.2975058750699648
ITA,19,0.9989185039760522,1.5192915901687005,1.2975058750699648
ITA,20,1.2111510734762885,1.3879158806063976,1.2975058750699648
ITA,21,1.119627346225461,1.2902603598305664,1.2975058750699648
ITA,22,1.352911717010414,1.3436329212184523,1.2975058750699648
ITA,23,1.0032827130766147,1.4145506301792454,1.2975058750699648
ITA,24,1.6446987448690713,1.4952148381692232,1.2975058750699648
ITA,25,1.171554589581872,1.3198695992155458,1.2975058750699648
ITA,26,1.1194548369388264,1.2861937750660306,1.2975058750699648
ITA,27,1.1389284932982808,1.3229700922612757,1.2975058750699648
ITA,28,1.1070747613967746,1.2936536402181706,1.2975058750699648
ITA,29T30,1.137423016286181,1.2900824182726964,1.2975058750699648
ITA,31T33,1.3572398137137756,1.2873242790877404,1.2975058750699648
ITA,35,0.5733473234298704,1.6278324480227702,1.2975058750699648
ITA,36T39,1.2409683691125946,1.2832041012163047,1.2975058750699648
ITA,41T43,1.2521044340600138,1.273881651210524,1.2975058750699648
ITA,45T47,1.1144416229404137,1.2388979167343506,1.2975058750699648
ITA,49,1.0735204108508687,1.2870415250924283,1.2975058750699648
ITA,50,0.32044447085628625,1.3016698708095191,1.2975058750699648
ITA,51,0.9311276058904948,1.2853136743524183,1.2975058750699648
ITA,52,1.1136980892232864,1.2700497826137003,1.2975058750699648
ITA,53,1.0840491215243735,1.3397758525231653,1.2975058750699648
ITA,55T56,1.2192818318828178,1.2706685268978233,1.2975058750699648
ITA,58T60,1.0834121394231804,1.2310982256109395,1.2975058750699648
ITA,61,1.1452535381400502,1.2186182321834678,1.2975058750699648
ITA,62T63,1.1406059008901224,1.210351471217411,1.2975058750699648
ITA,64T66,1.1446819979206408,1.2035087642593922,1.2975058750699648
ITA,68,1.2483411859615774,1.1949577159074,1.2975058750699648
ITA,69T75,1.150836967510027,1.2253658961085145,1.2975058750699648
ITA,77T82,1.1525791791139295,1.244916596567291,1.2975058750699648
ITA,84,1.2740753661640964,1.2256956566779804,1.2975058750699648
ITA,85,1.269947763249268,1.208755163127822,1.2975058750699648
ITA,86T88,1.2787574332148728,1.2396546637252026,1.2975058750699648
ITA,90T93,1.2243470498046398,1.2383244837699454,1.2975058750699648
ITA,94T98,1.260923258669374,1.2457959839077366,1.2975058750699648
JPN,01T02,1.100798891375767,1.293150304257,1.2452804493065315
JPN,03,0.9302320714502859,1.2318675514016135,1.2452804493065315
JPN,05T06,0.2649467221535731,1.2539928975938253,1.2452804493065315
JPN,07T08,0.6912730043448045,1.2882175786863277,1.2452804493065315
JPN,10T12,1.2552890676043211,1.294405017771056,1.2452804493065315
JPN,13T15,1.0845072655009809,1.2416496947587843,1.2452804493065315
JPN,16,1.292709686621603,1.303552565437563,1.2452804493065315
JPN,17T18,0.9887117068552228,1.2939866562149016,1.2452804493065315
JPN,19,0.752773805815986,1.515508512319268,1.2452804493065315
JPN,20,0.8977630356459237,1.3850757410034586,1.2452804493065315
JPN,21,0.9395414494215512,1.264412301839789,1.2452804493065315
JPN,22,1.3788898369228009,1.3091721189577097,1.2452804493065315
JPN,23,0.6831141965048612,1.277784922756912,1.2452804493065315
JPN,24,1.0002751197204012,1.4564973727996648,1.2452804493065315
JPN,25,1.1889700977121769,1.39915139155773,1.2452804493065315
JPN,26,1.1045957926417667,1.2591988341118736,1.2452804493065315
JPN,27,1.1881490788646456,1.3035872130120754,1.2452804493065315
JPN,28,1.1456712974807022,1.2784128683117821,1.2452804493065315
JPN,29T30,1.040689138563097,1.3065608429524487,1.2452804493065315
JPN,31T33,1.2162712674550042,1.252749445011153,1.2452804493065315
JPN,35,0.4035457137769667,1.5503893193401665,1.2452804493065315
JPN,36T39,1.1628199521782938,1.172560640599581,1.2452804493065315
JPN,41T43,1.22053517723062,1.2897409129702675,1.2452804493065315
JPN,45T47,1.0712593021686505,1.203183591313538,1.2452804493065315
JPN,49,1.1348946520162755,1.198597366135386,1.2452804493065315
JPN,50,0.3605704818686896,1.5503017698893018,1.2452804493065315
JPN,51,0.6628796147602243,1.3272194344296186,1.2452804493065315
JPN,52,1.066777122555541,1.1898186584109371,1.2452804493065315
JPN,53,1.0858433913416878,1.1880284324943975,1.2452804493065315
JPN,55T56,1.1707136912744762,1.2580082483752297,1.2452804493065315
JPN,58T60,1.090371390120927,1.1997539572324294,1.2452804493065315
JPN,61,1.190433913815439,1.1859958858377242,1.2452804493065315
JPN,62T63,1.092596419784856,1.1737009597829349,1.2452804493065315
JPN,64T66,1.13689780902966,1.1688692870560768,1.2452804493065315
JPN,68,1.2074669545356242,1.1428914504786951,1.2452804493065315
JPN,69T75,1.0935282523445988,1.1819897823627203,1.2452804493065315
JPN,77T82,1.0622495643602399,1.1754888998833384,1.2452804493065315
JPN,84,1.2217308592623564,1.1795492630486113,1.2452804493065315
JPN,85,1.21768741488993,1.1682882429342565,1.2452804493065315
JPN,86T88,1.2290289584057357,1.1933943038405863,1.2452804493065315
JPN,90T93,1.185003266609698,1.2261542370927667,1.2452804493065315
JPN,94T98,1.1964551584007668,1.2075228288698083,1.2452804493065315
KAZ,01T02,0.38864254794339714,0.9326827434733915,0.8770972451377544
KAZ,03,0.8614189537116553,0.7532853119907879,0.8770972451377544
KAZ,05T06,0.34797231393608535,0.8528625302931153,0.8770972451377544
KAZ,07T08,0.1553898092342937,0.9779057775421608,0.8770972451377544
KAZ,10T12,1.0463789680422577,1.0567379127771945,0.8770972451377544
KAZ,13T15,1.1580789878335274,1.0049051076504412,0.8770972451377544
KAZ,16,0.240155233122964,1.138439656511344,0.8770972451377544
KAZ,17T18,1.1806331158222205,0.9247619836600836,0.8770972451377544
KAZ,19,0.3989651190459673,0.9798999641285295,0.8770972451377544
KAZ,20,0.25308282615365457,0.9882067323930026,0.8770972451377544
KAZ,21,0.32733866618336704,0.8216565762673349,0.8770972451377544
KAZ,22,0.5674290260747252,1.05013937673369,0.8770972451377544
KAZ,23,0.05880840226866738,1.0447169998197718,0.8770972451377544
KAZ,24,0.45690975292160135,0.9741402742286397,0.8770972451377544
KAZ,25,1.18645752644947,1.0464888010130065,0.8770972451377544
KAZ,26,1.1014888164971839,0.9088972139966344,0.8770972451377544
KAZ,27,1.2676244286729457,0.9993560402621448,0.8770972451377544
KAZ,28,1.0911563275599252,0.9960635141917631,0.8770972451377544
KAZ,29T30,1.4781236307550247,0.8709428640080334,0.8770972451377544
KAZ,31T33,1.0959272653297583,0.9527378002994709,0.8770972451377544
KAZ,35,0.029149560228308273,1.0035163399135227,0.8770972451377544
KAZ,36T39,0.801743165624586,1.0403146624968134,0.8770972451377544
KAZ,41T43,0.7892673883233745,1.0426568111939962,0.8770972451377544
KAZ,45T47,0.9813350468269805,0.7935153222569878,0.8770972451377544
KAZ,49,0.6616001143201554,0.8596456053084796,0.8770972451377544
KAZ,50,1.8193218342653128,0.9560264546712722,0.8770972451377544
KAZ,51,0.8906524831355508,0.8437870397749496,0.8770972451377544
KAZ,52,1.0855758686743353,0.819574186213008,0.8770972451377544
KAZ,53,1.037576421195096,0.8049251229613745,0.8770972451377544
KAZ,55T56,1.1839065716994892,0.8718085178676014,0.8770972451377544
KAZ,58T60,1.0021700128119102,0.893502064204852,0.8770972451377544
KAZ,61,0.9096609504388159,0.8359955529556534,0.8770972451377544
KAZ,62T63,0.8960123940193068,0.8409710945808073,0.8770972451377544
KAZ,64T66,0.8236128036946354,0.7915912973427576,0.8770972451377544
KAZ,68,0.8270435497411796,0.8061923485605039,0.8770972451377544
KAZ,69T75,0.8371429663540625,0.8806124703907209,0.8770972451377544
KAZ,77T82,0.852496539564597,0.8348352121655671,0.8770972451377544
KAZ,84,0.762362682011774,0.9969897919412909,0.8770972451377544
KAZ,85,0.8306778750113265,0.9658009605877217,0.8770972451377544
KAZ,86T88,0.8201685403891074,0.9920020656632893,0.8770972451377544
KAZ,90T93,0.8126107294571807,1.004725454608926,0.8770972451377544
KAZ,94T98,0.8295807159109124,0.981934410878371,0.8770972451377544
KHM,01T02,0.017354647726393838,1.1600319951544487,1.1973170559858197
KHM,03,1.039788744684908,0.9660270025382964,1.1973170559858197
KHM,05T06,1.2278594218170242,1.0434369976399314,1.1973170559858197
KHM,07T08,0.865915660293225,1.0721053496805182,1.1973170559858197
KHM,10T12,0.7498197122028426,1.852482669159717,1.1973170559858197
KHM,13T15,1.5040701541296493,1.164733497710563,1.1973170559858197
KHM,16,0.8678923700888803,1.3632544197274592,1.1973170559858197
KHM,17T18,1.0206302242253147,1.3730002596168684,1.1973170559858197
KHM,19,0.0030472635496984275,1.2096715786702648,1.1973170559858197
KHM,20,1.7707206123504924,1.4240082933342435,1.1973170559858197
KHM,21,1.7585075245691655,1.1271516255431577,1.1973170559858197
KHM,22,0.2902266641461112,1.6207969370485633,1.1973170559858197
KHM,23,0.00755197884613767,1.2553637676366152,1.1973170559858197
KHM,24,8.920821049430526,1.171996377791622,1.1973170559858197
KHM,25,2.2398121085989815,1.1694283727269392,1.1973170559858197
KHM,26,1.2486326037603628,1.12122174580133,1.1973170559858197
KHM,27,1.5552882608826832,1.165276148721793,1.1973170559858197
KHM,28,1.533544865134715,1.1144178699381926,1.1973170559858197
KHM,29T30,1.2693830439890907,1.1555993818146018,1.1973170559858197
KHM,31T33,0.2369747654880613,1.1780848217604973,1.1973170559858197
KHM,35,0.1525347353444459,1.421298837668845,1.1973170559858197
KHM,36T39,1.0189157713857964,1.3114010438172985,1.1973170559858197
KHM,41T43,1.1357274457198634,1.129092253226207,1.1973170559858197
KHM,45T47,0.908114455504233,1.14043257389549,1.1973170559858197
KHM,49,0.48058258852477664,1.1084026735022117,1.1973170559858197
KHM,50,0.9264147245022484,1.1893807890740746,1.1973170559858197
KHM,51,0.13820990414777468,1.229838999053132,1.1973170559858197
KHM,52,1.0818266752398773,1.0780955482531134,1.1973170559858197
KHM,53,1.2002428170593515,1.0931937317753626,1.1973170559858197
KHM,55T56,0.8729736043927203,1.4852139417315595,1.1973170559858197
KHM,58T60,0.9665224060799409,1.1437351223483199,1.1973170559858197
KHM,61,1.0673521349368653,1.098441825808771,1.1973170559858197
KHM,62T63,0.8551920344917505,1.1666284032507153,1.1973170559858197
KHM,64T66,1.1667470628994703,1.0020273365165646,1.1973170559858197
KHM,68,1.0797338391957692,1.1208274937363079,1.1973170559858197
KHM,69T75,1.0076093539703328,1.1564237154687262,1.1973170559858197
KHM,77T82,1.0222421121198682,1.1478049876131482,1.1973170559858197
KHM,84,1.0945464454819658,1.2046284411132242,1.1973170559858197
KHM,85,1.1471250789571086,1.0504785938256436,1.1973170559858197
KHM,86T88,1.1605810437954291,1.080506387632164,1.1973170559858197
KHM,90T93,1.107249250785217,1.0843438503447735,1.1973170559858197
KHM,94T98,1.1229021625010451,1.062924706633935,1.1973170559858197
KOR,01T02,1.117043800257217,1.2002554590425971,1.2141054378871226
KOR,03,0.8244566632055085,1.248212595326816,1.2141054378871226
KOR,05T06,0.02655409154476336,1.1716457849722262,1.2141054378871226
KOR,07T08,0.6233479832224725,1.2477791526716948,1.2141054378871226
KOR,10T12,1.1901805630252131,1.3478444225107349,1.2141054378871226
KOR,13T15,0.9794005431027949,1.288977718393837,1.2141054378871226
KOR,16,1.232522949415396,1.3384681834767098,1.2141054378871226
KOR,17T18,0.938648217458579,1.3104367100695025,1.2141054378871226
KOR,19,0.7270116593397509,1.457383299594219,1.2141054378871226
KOR,20,0.9485150706782896,1.4307351195758453,1.2141054378871226
KOR,21,1.117086888745427,1.263270845984516,1.2141054378871226
KOR,22,1.0794707457221915,1.3420927675539613,1.2141054378871226
KOR,23,0.5632508528356236,1.5056807533868144,1.2141054378871226
KOR,24,0.4563528986086386,1.6624977480823482,1.2141054378871226
KOR,25,1.0762663947873081,1.3855831493843678,1.2141054378871226
KOR,26,1.0561098289251114,1.2232299709486965,1.2141054378871226
KOR,27,1.086979246015265,1.3332637347918475,1.2141054378871226
KOR,28,1.0844831615384032,1.3034788537342916,1.2141054378871226
KOR,29T30,0.9968549894794207,1.324262129523549,1.2141054378871226
KOR,31T33,1.1178185988922855,1.278580960799534,1.2141054378871226
KOR,35,0.2374509569477455,1.7235870815978291,1.2141054378871226
KOR,36T39,0.9728450537659179,1.2348301364988452,1.2141054378871226
KOR,41T43,1.1839586637585442,1.3364307132093824,1.2141054378871226
KOR,45T47,0.9547255500193612,1.1750900327020197,1.2141054378871226
KOR,49,0.7465947072246738,1.2600181344460641,1.2141054378871226
KOR,50,0.4861321577022625,1.4081345052900718,1.2141054378871226
KOR,51,0.356500739480972,1.2733918399453354,1.2141054378871226
KOR,52,0.8508447274813212,1.1965467536064307,1.2141054378871226
KOR,53,0.7886700708244946,1.2359761911328544,1.2141054378871226
KOR,55T56,1.0894619569470974,1.25911016244049,1.2141054378871226
KOR,58T60,1.0562222202164961,1.1412257381781952,1.2141054378871226
KOR,61,1.0480901587336815,1.1655369427834175,1.2141054378871226
KOR,62T63,1.04967906791649,1.1079595943988776,1.2141054378871226
KOR,64T66,1.0963786663189794,1.0964327104524583,1.2141054378871226
KOR,68,1.1631956105554166,1.0930765428471882,1.2141054378871226
KOR,69T75,0.9992693606158631,1.207442399112948,1.2141054378871226
KOR,77T82,1.0116346915349692,1.1126685312885582,1.2141054378871226
KOR,84,1.1833001139776813,1.106444123566867,1.2141054378871226
KOR,85,1.1752487563778178,1.1461342083864752,1.2141054378871226
KOR,86T88,1.175837622441634,1.185223492610682,1.2141054378871226
KOR,90T93,1.1193195487710477,1.205443110223952,1.2141054378871226
KOR,94T98,1.108031180272177,1.2164237200763488,1.2141054378871226
LAO,01T02,0.0733304037823542,1.32372818789218,1.2543374710157476
LAO,03,0.7705646702363129,1.04435033294595,1.2543374710157476
LAO,05T06,0.8342931014767538,1.2420326161895712,1.2543374710157476
LAO,07T08,0.5894991694473164,1.2887444129724555,1.2543374710157476
LAO,10T12,0.4776883356134726,2.679270717609191,1.2543374710157476
LAO,13T15,1.255881632649064,1.168444683016728,1.2543374710157476
LAO,16,0.5262566728030074,2.273786725228264,1.2543374710157476
LAO,17T18,0.23696747992794862,2.1307473644099044,1.2543374710157476
LAO,19,0.8659863787186647,1.358146627597928,1.2543374710157476
LAO,20,1.9326730322882812,1.338971197781915,1.2543374710157476
LAO,21,0.9406692676708842,1.2511136311802835,1.2543374710157476
LAO,22,0.19133788784892536,1.47427405174765,1.2543374710157476
LAO,23,0.5633853925065723,1.4417332793840218,1.2543374710157476
LAO,24,8.379186035785152,1.325981223310886,1.2543374710157476
LAO,25,1.6357292659489353,1.3104262598036973,1.2543374710157476
LAO,26,1.0172170161134728,1.293960187587096,1.2543374710157476
LAO,27,1.3113127525745705,1.315660783098819,1.2543374710157476
LAO,28,1.6319332144552317,1.3607605067270003,1.2543374710157476
LAO,29T30,0.8796788962565508,1.33134524953598,1.2543374710157476
LAO,31T33,0.030792362081614302,1.5560338684748793,1.2543374710157476
LAO,35,0.04575398541992511,1.3527019109372451,1.2543374710157476
LAO,36T39,1.0272875509196386,1.2864970250905854,1.2543374710157476
LAO,41T43,1.0853559821894738,1.4889854073619642,1.2543374710157476
LAO,45T47,0.9737946325869636,1.2061705387306336,1.2543374710157476
LAO,49,1.0663477907221162,1.2440665465200516,1.2543374710157476
LAO,50,0.07943526661835464,1.4031407021185955,1.2543374710157476
LAO,51,0.4951009027881737,1.152340866936174,1.2543374710157476
LAO,52,0.3743028388716159,1.344126724475424,1.2543374710157476
LAO,53,0.9934176145069349,1.1947190109536483,1.2543374710157476
LAO,55T56,0.878966944317164,1.5886088217590135,1.2543374710157476
LAO,58T60,0.692945564349947,1.5819134831863244,1.2543374710157476
LAO,61,1.0383824265350245,1.1998796383999408,1.2543374710157476
LAO,62T63,1.0579421535644424,1.3441003096035893,1.2543374710157476
LAO,64T66,1.0337114689037503,1.1027676206766504,1.2543374710157476
LAO,68,1.1344496375254915,1.1332491122426687,1.2543374710157476
LAO,69T75,1.0101210468963389,1.2799079970636347,1.2543374710157476
LAO,77T82,0.9082942170105477,1.3057898479052992,1.2543374710157476
LAO,84,1.1947388449794145,1.2299126451651359,1.2543374710157476
LAO,85,1.158934611800039,1.2067013187768543,1.2543374710157476
LAO,86T88,0.9217625451529452,1.2430567194374582,1.2543374710157476
LAO,90T93,0.9934278072408254,1.2540022232297074,1.2543374710157476
LAO,94T98,1.1843543472092752,1.1665864292652295,1.2543374710157476
LTU,01T02,0.17094892025590822,1.3487041211783044,1.2733810222993844
LTU,03,1.0402950273555946,1.2623911655408195,1.2733810222993844
LTU,05T06,0.1269211276582736,1.2554323460032841,1.2733810222993844
LTU,07T08,0.9715811502704493,1.2636505088879189,1.2733810222993844
LTU,10T12,1.114910719357265,1.4245640829532455,1.2733810222993844
LTU,13T15,1.1470157689874048,1.2054103423393943,1.2733810222993844
LTU,16,1.2606572694706162,1.4039121398756333,1.2733810222993844
LTU,17T18,1.166164564713106,1.264077042578555,1.2733810222993844
LTU,19,1.0135439628373575,1.371091786279286,1.2733810222993844
LTU,20,0.07460022668663475,1.4663914695253641,1.2733810222993844
LTU,21,1.0953970487088642,1.2007965621563395,1.2733810222993844
LTU,22,1.2972759604651174,1.3299598830112207,1.2733810222993844
LTU,23,0.5449656306249907,1.279840232579151,1.2733810222993844
LTU,24,6.021823445165391,1.3557297759965703,1.2733810222993844
LTU,25,1.344896423219519,1.2567128163242949,1.2733810222993844
LTU,26,1.1852472720241791,1.195870567185712,1.2733810222993844
LTU,27,1.2061370792765975,1.2744101790560394,1.2733810222993844
LTU,28,1.108861952466027,1.254998115068326,1.2733810222993844
LTU,29T30,1.1848630168265617,1.2463098560345998,1.2733810222993844
LTU,31T33,1.4164972253015766,1.2319596046316152,1.2733810222993844
LTU,35,1.488738319489623,1.2637020084643762,1.2733810222993844
LTU,36T39,1.1870233914048445,1.2087574312949612,1.2733810222993844
LTU,41T43,1.2301854591720602,1.225576237811186,1.2733810222993844
LTU,45T47,1.1126351632643714,1.1507860623933182,1.2733810222993844
LTU,49,0.9782777273451748,1.2031819438591822,1.2733810222993844
LTU,50,0.42952861267153253,1.1912612074796638,1.2733810222993844
LTU,51,2.8057596172662236,1.2479698827906014,1.2733810222993844
LTU,52,0.9693776678677842,1.180277203002723,1.2733810222993844
LTU,53,1.1043239282216606,1.163575294073896,1.2733810222993844
LTU,55T56,1.178694234507192,1.1841928569550715,1.2733810222993844
LTU,58T60,0.961770584963308,1.2009434985890994,1.2733810222993844
LTU,61,1.0923962721771843,1.1500721647082828,1.2733810222993844
LTU,62T63,1.0493622039210475,1.1385999194936058,1.2733810222993844
LTU,64T66,1.1032001497369746,1.1293225189374385,1.2733810222993844
LTU,68,1.157833785336255,1.1682155408766217,1.2733810222993844
LTU,69T75,1.0593771693269687,1.1459361275926667,1.2733810222993844
LTU,77T82,1.1090727181498867,1.1674842000302308,1.2733810222993844
LTU,84,1.2398794000578328,1.1429319045040935,1.2733810222993844
LTU,85,1.2480566972010851,1.1300387955531925,1.2733810222993844
LTU,86T88,1.2516010851730177,1.148276327364404,1.2733810222993844
LTU,90T93,1.2060054035848542,1.1575419284324522,1.2733810222993844
LTU,94T98,1.196776197607188,1.150813262136037,1.2733810222993844
LVA,01T02,0.25730880882550855,1.4896299681369682,1.1899428331982727
LVA,03,0.8036278809955454,1.1926176631980228,1.1899428331982727
LVA,05T06,0.0010570502908842834,1.2598688423527007,1.1899428331982727
LVA,07T08,0.8688191470926825,1.2117721469817757,1.1899428331982727
LVA,10T12,1.1041784095503129,1.4320339006135616,1.1899428331982727
LVA,13T15,1.070603616784344,1.218799927659705,1.1899428331982727
LVA,16,0.8508736121588315,1.5415400573289693,1.1899428331982727
LVA,17T18,1.4512667680739064,1.1931228946047205,1.1899428331982727
LVA,19,0.001861530663534314,1.2324015786084401,1.1899428331982727
LVA,20,1.6345820260650386,1.3700714926361985,1.1899428331982727
LVA,21,1.193968879904071,1.1516446827241886,1.1899428331982727
LVA,22,1.4873387101777047,1.2610124767371806,1.1899428331982727
LVA,23,0.465277870937224,1.2448343601505172,1.1899428331982727
LVA,24,5.600330227235056,1.321364093404332,1.1899428331982727
LVA,25,1.3100084743073568,1.2520369103184636,1.1899428331982727
LVA,26,1.205839309108647,1.1600271393601924,1.1899428331982727
LVA,27,1.3157216178975504,1.1919532797996466,1.1899428331982727
LVA,28,1.1614011540601739,1.1997968767489078,1.1899428331982727
LVA,29T30,1.085457101911017,1.262199887299206,1.1899428331982727
LVA,31T33,1.2531134973105653,1.2352856916279538,1.1899428331982727
LVA,35,0.7312945178698455,1.3372045098896437,1.1899428331982727
LVA,36T39,1.3077202682197637,1.1696947822676917,1.1899428331982727
LVA,41T43,1.1178029909896272,1.2553631359359287,1.1899428331982727
LVA,45T47,1.0481502345604343,1.1218336229809969,1.1899428331982727
LVA,49,0.7074928662735331,1.1882906123643069,1.1899428331982727
LVA,50,1.4389730009014552,1.1682989388516,1.1899428331982727
LVA,51,1.0232329544095884,1.2669949399001588,1.1899428331982727
LVA,52,1.003656614098631,1.152481530227226,1.1899428331982727
LVA,53,1.141452413601,1.1051604107165465,1.1899428331982727
LVA,55T56,1.169382847436045,1.161839326060286,1.1899428331982727
LVA,58T60,0.9501907616967815,1.1038812713278865,1.1899428331982727
LVA,61,1.1586179276920165,1.0855835799261735,1.1899428331982727
LVA,62T63,1.079953963289497,1.0668142904110813,1.1899428331982727
LVA,64T66,1.0898503264796415,1.0672679723823861,1.1899428331982727
LVA,68,1.1373396760333168,1.096258976921145,1.1899428331982727
LVA,69T75,1.0828869391984153,1.0872994044777857,1.1899428331982727
LVA,77T82,1.035043784708666,1.1572476806350749,1.1899428331982727
LVA,84,1.1642980436494412,1.089528916996979,1.1899428331982727
LVA,85,1.1698866431964092,1.1066770328673594,1.1899428331982727
LVA,86T88,1.1697361805208064,1.1216656974353214,1.1899428331982727
LVA,90T93,1.1625967875550687,1.1392023452464428,1.1899428331982727
LVA,94T98,1.1637784121154686,1.1306863419497792,1.1899428331982727
MAR,01T02,0.8234263818722753,1.2676486506839602,1.2996706500015351
MAR,03,1.0665118694312647,1.1685400033080193,1.2996706500015351
MAR,05T06,0.5940493947333957,1.2395674918987691,1.2996706500015351
MAR,07T08,0.6511902615620627,1.2335070294700574,1.2996706500015351
MAR,10T12,1.132870416247172,1.4943287960837446,1.2996706500015351
MAR,13T15,1.087848047050829,1.234825626881408,1.2996706500015351
MAR,16,1.4645625834656453,1.3282682289206498,1.2996706500015351
MAR,17T18,0.9709095762507861,1.2894401490215661,1.2996706500015351
MAR,19,0.8280172965068245,1.7165682268220541,1.2996706500015351
MAR,20,1.823633903077611,1.2979613750806078,1.2996706500015351
MAR,21,1.2245557665634779,1.2283822566361486,1.2996706500015351
MAR,22,1.0893768346521016,1.485488229978467,1.2996706500015351
MAR,23,0.14228490546879222,1.5052525335017926,1.2996706500015351
MAR,24,2.549926452749479,1.3880403457049275,1.2996706500015351
MAR,25,1.1252394881327032,1.370764850822239,1.2996706500015351
MAR,26,1.0574989279648688,1.2891033673947476,1.2996706500015351
MAR,27,1.2525267296322866,1.2770205823793817,1.2996706500015351
MAR,28,1.1371131630593942,1.303173944992109,1.2996706500015351
MAR,29T30,1.116476074109213,1.2717581891028102,1.2996706500015351
MAR,31T33,1.4599901599714677,1.2234608362003156,1.2996706500015351
MAR,35,0.200632095410858,1.249911860781606,1.2996706500015351
MAR,36T39,1.1145188288515069,1.1967496980244259,1.2996706500015351
MAR,41T43,1.20911153830115,1.5293188507520796,1.2996706500015351
MAR,45T47,0.9915104737161572,1.1841283586298534,1.2996706500015351
MAR,49,0.6187564134806535,1.2335998238461983,1.2996706500015351
MAR,50,0.514271162347157,1.3896479247056999,1.2996706500015351
MAR,51,0.17565216304463985,1.3741394216477543,1.2996706500015351
MAR,52,0.8917991584299754,1.2073849385699362,1.2996706500015351
MAR,53,1.0558366549019456,1.1615270859997524,1.2996706500015351
MAR,55T56,1.155254386831759,1.2405462429967904,1.2996706500015351
MAR,58T60,0.7446301019302087,1.3332266809877111,1.2996706500015351
MAR,61,1.119907305627048,1.176835595631342,1.2996706500015351
MAR,62T63,1.244388964947335,1.0891543586637518,1.2996706500015351
MAR,64T66,1.1060308304950714,1.1088974408773578,1.2996706500015351
MAR,68,1.2331680522940405,1.0849443268388046,1.2996706500015351
MAR,69T75,1.1735358654754957,1.0933044195193458,1.2996706500015351
MAR,77T82,1.1320068095747053,1.1002915946245533,1.2996706500015351
MAR,84,1.2134935217783207,1.1760849481774587,1.2996706500015351
MAR,85,1.261757314919118,1.1318323652238589,1.2996706500015351
MAR,86T88,1.2532437258470828,1.1531753860198166,1.2996706500015351
MAR,90T93,1.1215802350791526,1.2072959369673861,1.2996706500015351
MAR,94T98,1.2333630316925703,1.143520196677929,1.2996706500015351
MEX,01T02,0.3832760623134736,1.19837193834977,1.155741058801303
MEX,03,0.9192847954617053,1.21212495900883,1.155741058801303
MEX,05T06,0.32689362821559464,1.1647749391323916,1.155741058801303
MEX,07T08,0.8268623891535348,1.172786346889717,1.155741058801303
MEX,10T12,1.1535476971504735,1.4320578446727628,1.155741058801303
MEX,13T15,1.1568581613087257,1.2301292592496558,1.155741058801303
MEX,16,0.8306847653236649,1.4515027305335708,1.155741058801303
MEX,17T18,0.9618835902316328,1.2701903833651385,1.155741058801303
MEX,19,0.5213319852363845,1.6180128599665649,1.155741058801303
MEX,20,0.07761969848717827,1.4445810028995811,1.155741058801303
MEX,21,0.8627695296266957,1.3181227735457566,1.155741058801303
MEX,22,0.504940772271538,1.4071096549100237,1.155741058801303
MEX,23,0.1641155209299931,1.5615981266807297,1.155741058801303
MEX,24,1.140416843703319,1.3162080908842695,1.155741058801303
MEX,25,1.0114357005352417,1.3550355366253457,1.155741058801303
MEX,26,1.146436363965831,1.1966091749387835,1.155741058801303
MEX,27,1.1427859083900913,1.3002105887560684,1.155741058801303
MEX,28,1.1805359488600171,1.2151736961817996,1.155741058801303
MEX,29T30,1.1372525225009895,1.2383500855186729,1.155741058801303
MEX,31T33,0.537420034521455,1.2492221742542515,1.155741058801303
MEX,35,0.24037931204013088,1.1731366420044185,1.155741058801303
MEX,36T39,1.0243357705891298,1.3725293783115147,1.155741058801303
MEX,41T43,1.1237777568421494,1.1845993435658901,1.155741058801303
MEX,45T47,1.0930752658143843,1.05862759573904,1.155741058801303
MEX,49,0.7788454004709376,1.1517348760853245,1.155741058801303
MEX,50,0.4024160034817011,1.0789228436203544,1.155741058801303
MEX,51,0.8894743669647459,1.2805276689756084,1.155741058801303
MEX,52,1.025766220056322,1.097411927081033,1.155741058801303
MEX,53,0.901684193070774,1.1535665954557273,1.155741058801303
MEX,55T56,1.19870483249889,1.116491314721448,1.155741058801303
MEX,58T60,1.1311333877029892,1.1082357478821607,1.155741058801303
MEX,61,1.1280428923717956,1.0599411231849505,1.155741058801303
MEX,62T63,1.128188729637348,1.0816356828019988,1.155741058801303
MEX,64T66,1.1469871353420882,1.0356745667934388,1.155741058801303
MEX,68,1.135612072727837,1.0196788673955874,1.155741058801303
MEX,69T75,1.0332875609793084,1.062709831259584,1.155741058801303
MEX,77T82,1.0125690460628725,1.0557360309506274,1.155741058801303
MEX,84,1.121005821336908,1.1032490114732147,1.155741058801303
MEX,85,1.1532900094980778,1.0484290422446703,1.155741058801303
MEX,86T88,1.1392703604193577,1.1133316567537042,1.155741058801303
MEX,90T93,1.1546814842275035,1.0857439034937295,1.155741058801303
MEX,94T98,1.1285323504607088,1.056232787195659,1.155741058801303
MLT,01T02,2.251298364513782,1.2089416806052342,1.2582112159045342
MLT,03,1.1284148766082054,1.4084748664141478,1.2582112159045342
MLT,05T06,0.8057474049348552,1.2977324609141834,1.2582112159045342
MLT,07T08,1.151503428270667,1.224415018832829,1.2582112159045342
MLT,10T12,1.506524366311256,1.3063666326721814,1.2582112159045342
MLT,13T15,0.8393940499997243,1.3572997867417356,1.2582112159045342
MLT,16,1.4922850792345663,1.2495901731265586,1.2582112159045342
MLT,17T18,2.008716244359167,1.265035953572485,1.2582112159045342
MLT,19,1.5923811166422588,1.379482772691103,1.2582112159045342
MLT,20,1.9729519972664422,1.334423478135576,1.2582112159045342
MLT,21,1.0418098484424099,1.3509239352197442,1.2582112159045342
MLT,22,1.4111267897654314,1.2670421506609773,1.2582112159045342
MLT,23,1.6338606291094482,1.3120597097831663,1.2582112159045342
MLT,24,6.426094677552108,1.26718496466418,1.2582112159045342
MLT,25,1.0459687703797291,1.3455864477270556,1.2582112159045342
MLT,26,0.9816642341153632,1.343138538772609,1.2582112159045342
MLT,27,1.1699548891226468,1.3081382760178113,1.2582112159045342
MLT,28,1.0877158486476752,1.3187384413175944,1.2582112159045342
MLT,29T30,1.2130652250932143,1.2193953273557554,1.2582112159045342
MLT,31T33,1.2364055814437251,1.2490573310726498,1.2582112159045342
MLT,35,0.46351012682211057,1.9486250256510806,1.2582112159045342
MLT,36T39,1.1752448812243694,1.3231299028274872,1.2582112159045342
MLT,41T43,1.1853144775386708,1.2518211435734017,1.2582112159045342
MLT,45T47,1.0925191089111663,1.2372652283814853,1.2582112159045342
MLT,49,1.0379021704445595,1.2515921354241932,1.2582112159045342
MLT,50,0.0299792147126633,1.2499604140467333,1.2582112159045342
MLT,51,1.079253817571559,1.2964711698628086,1.2582112159045342
MLT,52,0.8787501587853473,1.2451818310369587,1.2582112159045342
MLT,53,0.9528358745397232,1.49065172410366,1.2582112159045342
MLT,55T56,1.156865092948579,1.2530873723629208,1.2582112159045342
MLT,58T60,1.0259664893773637,1.164754249804913,1.2582112159045342
MLT,61,1.0742725361436865,1.148186107588304,1.2582112159045342
MLT,62T63,0.9098385145633311,1.190204140915763,1.2582112159045342
MLT,64T66,0.9833468031360133,1.2081974991304691,1.2582112159045342
MLT,68,1.1415144376798552,1.1657789843051996,1.2582112159045342
MLT,69T75,0.9880045946359401,1.1846007292275718,1.2582112159045342
MLT,77T82,1.0057942750215887,1.2191730754257015,1.2582112159045342
MLT,84,1.221953444427534,1.1600332533400122,1.2582112159045342
MLT,85,1.2232475295940999,1.1309069183367007,1.2582112159045342
MLT,86T88,1.2346341489885109,1.1948639915445185,1.2582112159045342
MLT,90T93,1.0509510417239238,1.1318299085862789,1.2582112159045342
MLT,94T98,1.1838850905248082,1.1882736749892497,1.2582112159045342
MMR,01T02,0.08032627455054993,1.9137288168134519,0.9753278465931454
MMR,03,0.9782832864682264,0.7384419133561688,0.9753278465931454
MMR,05T06,0.1773345537215211,1.081505051913784,0.9753278465931454
MMR,07T08,1.3008104271693257,1.1829782863993883,0.9753278465931454
MMR,10T12,0.43902337558471216,2.4554114376633156,0.9753278465931454
MMR,13T15,1.1059358172276819,1.2333153234029144,0.9753278465931454
MMR,16,0.39815581078286527,1.8023131230507694,0.9753278465931454
MMR,17T18,1.0575235591048258,1.21297256815616,0.9753278465931454
MMR,19,0.36567477805593945,1.4769591238106758,0.9753278465931454
MMR,20,0.7453554791864307,1.6303888909400568,0.9753278465931454
MMR,21,0.6111650920131024,1.475874817719736,0.9753278465931454
MMR,22,0.8680046644829531,1.542640631838292,0.9753278465931454
MMR,23,0.42323800826601704,1.2802034838268328,0.9753278465931454
MMR,24,6.82817672488822,1.306874453241293,0.9753278465931454
MMR,25,1.250602514047552,1.124093649032229,0.9753278465931454
MMR,26,1.0442083544980165,1.0709028374531542,0.9753278465931454
MMR,27,1.2208654129168077,1.13964882241209,0.9753278465931454
MMR,28,1.21011336458279,1.0725707046095476,0.9753278465931454
MMR,29T30,1.2621881971200544,1.0626082928754839,0.9753278465931454
MMR,31T33,1.0356019618682546,1.1726915987741178,0.9753278465931454
MMR,35,0.07911005204528616,1.4467590944370374,0.9753278465931454
MMR,36T39,1.074273123759693,1.1043340145980347,0.9753278465931454
MMR,41T43,0.647135431833501,1.2897791687205271,0.9753278465931454
MMR,45T47,0.7017459562494317,1.2257803055452319,0.9753278465931454
MMR,49,0.5517106404102888,1.0444297965069351,0.9753278465931454
MMR,50,0.47502500118110874,1.3307913327520764,0.9753278465931454
MMR,51,1.1828002910347482,1.136192513223839,0.9753278465931454
MMR,52,0.7792123958835427,1.1049267083036478,0.9753278465931454
MMR,53,0.8744370312497309,0.9235371631620206,0.9753278465931454
MMR,55T56,0.9193771250769194,1.3249500210142395,0.9753278465931454
MMR,58T60,1.1594273929163228,1.0100582973040162,0.9753278465931454
MMR,61,0.9923747295667334,0.8320906531739005,0.9753278465931454
MMR,62T63,1.5918842746501605,0.8947934390063255,0.9753278465931454
MMR,64T66,0.887583002283438,0.8182092033599593,0.9753278465931454
MMR,68,0.9622160605642729,0.8706805080509707,0.9753278465931454
MMR,69T75,1.1519043638751676,0.9586811481324231,0.9753278465931454
MMR,77T82,0.9176556594652043,1.0352746633544483,0.9753278465931454
MMR,84,0.9324271270878022,1.0653402523554951,0.9753278465931454
MMR,85,0.9428275722283683,1.085141913153894,0.9753278465931454
MMR,86T88,0.9446675069156071,1.1302614507303883,0.9753278465931454
MMR,90T93,0.8504948296395548,1.3502566117763033,0.9753278465931454
MMR,94T98,0.9169052921708074,1.2590983189211526,0.9753278465931454
NLD,01T02,1.4461744009773905,1.342917654357445,1.2579599620166815
NLD,03,0.5249082181738803,1.2130777193321773,1.2579599620166815
NLD,05T06,0.615305707355746,1.287783045660262,1.2579599620166815
NLD,07T08,1.0591663968158156,1.371367770682948,1.2579599620166815
NLD,10T12,1.2261606402690794,1.4036133597484863,1.2579599620166815
NLD,13T15,0.8790833928187705,1.3158252251262252,1.2579599620166815
NLD,16,1.6110020816228667,1.265115491681953,1.2579599620166815
NLD,17T18,1.2195725881304509,1.2555512952141874,1.2579599620166815
NLD,19,0.8566290898245404,1.5055139876841543,1.2579599620166815
NLD,20,0.6003339171074508,1.3901057828696095,1.2579599620166815
NLD,21,0.8978200265014143,1.2136978048210205,1.2579599620166815
NLD,22,1.4170039674568486,1.3251751737331496,1.2579599620166815
NLD,23,1.57452776880196,1.2977111352352833,1.2579599620166815
NLD,24,0.5780375976121065,1.4268369232285318,1.2579599620166815
NLD,25,1.2288098863013237,1.3128269501351546,1.2579599620166815
NLD,26,1.2124000845609775,1.1959182481561381,1.2579599620166815
NLD,27,1.2755693824047782,1.236327766910679,1.2579599620166815
NLD,28,1.2147283012352719,1.2294239966460399,1.2579599620166815
NLD,29T30,1.2124554915554708,1.2408301622247795,1.2579599620166815
NLD,31T33,1.3184507821313123,1.22504751868603,1.2579599620166815
NLD,35,0.31102398924421754,1.353156884366225,1.2579599620166815
NLD,36T39,1.1591327548642778,1.2114791350015108,1.2579599620166815
NLD,41T43,1.2021819142794563,1.2524886762344511,1.2579599620166815
NLD,45T47,1.1362085548919822,1.178977751166059,1.2579599620166815
NLD,49,1.111006029040655,1.2344138957219495,1.2579599620166815
NLD,50,0.4074173849731082,1.367208269513475,1.2579599620166815
NLD,51,0.745680741927844,1.2719706390510632,1.2579599620166815
NLD,52,1.09512869975182,1.1965112604138501,1.2579599620166815
NLD,53,1.1867817452041105,1.1813669212163003,1.2579599620166815
NLD,55T56,1.2022353830644559,1.2298815692141758,1.2579599620166815
NLD,58T60,1.075150446373162,1.1805537486881945,1.2579599620166815
NLD,61,1.1167608851967228,1.1778961409170081,1.2579599620166815
NLD,62T63,1.0788626780921273,1.1621933628840746,1.2579599620166815
NLD,64T66,1.1443380550989621,1.1551286210662097,1.2579599620166815
NLD,68,1.2216863418630943,1.1736338203406886,1.2579599620166815
NLD,69T75,1.082252546463107,1.1710799041663407,1.2579599620166815
NLD,77T82,1.099368989785372,1.172079598894825,1.2579599620166815
NLD,84,1.2332819989029333,1.1723962658122378,1.2579599620166815
NLD,85,1.2332415752319024,1.164675830561852,1.2579599620166815
NLD,86T88,1.2463177798357101,1.1741723020486259,1.2579599620166815
NLD,90T93,1.185341449762273,1.2101154809441952,1.2579599620166815
NLD,94T98,1.2091423923402946,1.1968804349025506,1.2579599620166815
NOR,01T02,0.6560751000822982,1.2870828611228893,1.2008668870039527
NOR,03,1.1501829696098858,1.2098361079813018,1.2008668870039527
NOR,05T06,0.7973889158199006,1.1583520619553451,1.2008668870039527
NOR,07T08,1.0820474247133849,1.2617683550062158,1.2008668870039527
NOR,10T12,1.221452577143152,1.3867897853267648,1.2008668870039527
NOR,13T15,1.2422541951221335,1.2189911675408698,1.2008668870039527
NOR,16,1.454724647772286,1.3305886877331359,1.2008668870039527
NOR,17T18,1.1483223638136986,1.3002770773361227,1.2008668870039527
NOR,19,0.7379764193095277,1.421101791386,1.2008668870039527
NOR,20,0.465740725363213,1.306735324633468,1.2008668870039527
NOR,21,0.6605746249023399,1.2238241765948576,1.2008668870039527
NOR,22,1.3437473881760882,1.3117657712352189,1.2008668870039527
NOR,23,1.0368823280536212,1.3480110403497898,1.2008668870039527
NOR,24,0.5567115071671721,1.4847797751011238,1.2008668870039527
NOR,25,1.100754402630111,1.3432441319637207,1.2008668870039527
NOR,26,1.1624620576426432,1.194959211059771,1.2008668870039527
NOR,27,1.1359747541216871,1.2935574642812528,1.2008668870039527
NOR,28,1.1167822656516289,1.253905802988664,1.2008668870039527
NOR,29T30,1.0764918505169998,1.270857209826011,1.2008668870039527
NOR,31T33,1.2201962899651295,1.2320311926205043,1.2008668870039527
NOR,35,2.734010849063363,1.1400663927637231,1.2008668870039527
NOR,36T39,1.1092029975835087,1.2026427402295814,1.2008668870039527
NOR,41T43,1.1753277357160152,1.2221536254801249,1.2008668870039527
NOR,45T47,1.0904429605985175,1.1873639420102113,1.2008668870039527
NOR,49,1.1658866148034324,1.2513463753324388,1.2008668870039527
NOR,50,0.48109629285685784,1.4406451357846446,1.2008668870039527
NOR,51,0.5516289358962627,1.288645962170311,1.2008668870039527
NOR,52,1.0672252656213082,1.2244155543238875,1.2008668870039527
NOR,53,1.1400849835544604,1.1923234262678217,1.2008668870039527
NOR,55T56,1.1783623084982926,1.201270765641921,1.2008668870039527
NOR,58T60,1.078215006131159,1.1914420944178528,1.2008668870039527
NOR,61,1.1221689481026105,1.1450619272871068,1.2008668870039527
NOR,62T63,1.1078925023145578,1.149936006865056,1.2008668870039527
NOR,64T66,1.093253869938516,1.121775863273437,1.2008668870039527
NOR,68,1.180595951555186,1.142547878297716,1.2008668870039527
NOR,69T75,1.1130642391787822,1.1542007743742981,1.2008668870039527
NOR,77T82,1.0882920600649706,1.1969875988402363,1.2008668870039527
NOR,84,1.1818232849169743,1.1735850156639642,1.2008668870039527
NOR,85,1.1942897494487341,1.1288828357784837,1.2008668870039527
NOR,86T88,1.1944140430547534,1.1351276753890294,1.2008668870039527
NOR,90T93,1.173418531472714,1.1756036911112338,1.2008668870039527
NOR,94T98,1.17342974153948,1.1627963192714732,1.2008668870039527
NZL,01T02,0.23990917057954747,1.334468522183113,1.1144385064570903
NZL,03,0.8215948790445025,1.1477105990102972,1.1144385064570903
NZL,05T06,0.4900857368903365,1.2476607717635724,1.1144385064570903
NZL,07T08,0.9258920129510293,1.007744420412366,1.1144385064570903
NZL,10T12,0.7325567423010207,1.6895907998053528,1.1144385064570903
NZL,13T15,1.0006217528340737,1.2601330915407618,1.1144385064570903
NZL,16,1.0376936732904658,1.3644236821338651,1.1144385064570903
NZL,17T18,0.998838487273423,1.2536856077713945,1.1144385064570903
NZL,19,0.9154471393189179,1.4509924020876184,1.1144385064570903
NZL,20,0.31456972966894314,1.3138940191316413,1.1144385064570903
NZL,21,0.46898699871061245,1.2174591026020212,1.1144385064570903
NZL,22,0.8944881254615215,1.2051992658470314,1.1144385064570903
NZL,23,1.2561884681767563,1.1606528833167709,1.1144385064570903
NZL,24,0.5240095393340404,1.2441160890756866,1.1144385064570903
NZL,25,1.1411998470372557,1.251820917798653,1.1144385064570903
NZL,26,1.160053816486983,1.1381079447038527,1.1144385064570903
NZL,27,1.404265459999268,1.1376828840869169,1.1144385064570903
NZL,28,1.1368485444379657,1.2153190515594186,1.1144385064570903
NZL,29T30,1.3561242927204917,1.1194994565622582,1.1144385064570903
NZL,31T33,1.1885879838123727,1.1255760661875132,1.1144385064570903
NZL,35,0.8921321907673632,1.2286989932555568,1.1144385064570903
NZL,36T39,0.9818599415862246,1.045066019025361,1.1144385064570903
NZL,41T43,1.030519689753149,1.1470765165073935,1.1144385064570903
NZL,45T47,1.0255437753148329,1.0595873702889664,1.1144385064570903
NZL,49,0.8266329118286545,1.1208296777081357,1.1144385064570903
NZL,50,0.5330597273465134,1.129856666355998,1.1144385064570903
NZL,51,0.6389421732614969,1.134315465392251,1.1144385064570903
NZL,52,0.996479171476847,1.0356671862077413,1.1144385064570903
NZL,53,1.0481469956829184,1.0902421291632876,1.1144385064570903
NZL,55T56,1.16053942711275,1.1239300419580618,1.1144385064570903
NZL,58T60,1.1015213377879947,1.0576982445493772,1.1144385064570903
NZL,61,1.12787258634933,1.0391343059270217,1.1144385064570903
NZL,62T63,1.0998834624864013,1.0145631194366025,1.1144385064570903
NZL,64T66,1.0382657526175212,1.007376477202561,1.1144385064570903
NZL,68,1.081811139120529,1.0199495260524478,1.1144385064570903
NZL,69T75,1.0192676406193206,1.0382063224218345,1.1144385064570903
NZL,77T82,0.9754601798424308,1.0477924849617706,1.1144385064570903
NZL,84,1.0944123244796493,1.0435049839845776,1.1144385064570903
NZL,85,1.0988502304706018,1.0188767715074474,1.1144385064570903
NZL,86T88,1.1075934516982302,1.0493640985265356,1.1144385064570903
NZL,90T93,1.089370193457505,1.0641975671731434,1.1144385064570903
NZL,94T98,1.0559615016238657,1.0365012449025974,1.1144385064570903
PER,01T02,0.03484314714042129,1.3445840499416133,1.39693025864214
PER,03,1.139838782365301,1.2862077195847226,1.39693025864214
PER,05T06,0.6403315871255428,1.3386133544391998,1.39693025864214
PER,07T08,1.2224787833166466,1.2723371367177927,1.39693025864214
PER,10T12,1.2139387292275965,1.843322117221386,1.39693025864214
PER,13T15,1.084075087668494,1.4012533467613324,1.39693025864214
PER,16,0.9389935792516162,1.5978333308322104,1.39693025864214
PER,17T18,1.3370450891918728,1.2746123157029894,1.39693025864214
PER,19,1.252929092254704,1.670778326370735,1.39693025864214
PER,20,1.6649812968931441,1.351624438999524,1.39693025864214
PER,21,1.3678601579365168,1.2826576796363567,1.39693025864214
PER,22,0.4692130138209056,1.382320578533163,1.39693025864214
PER,23,0.9620076797374467,1.4909319184494072,1.39693025864214
PER,24,4.8466528492052285,1.4396846641206127,1.39693025864214
PER,25,1.3933672028175024,1.3081580809052529,1.39693025864214
PER,26,1.2755679600520118,1.2277168043009838,1.39693025864214
PER,27,1.4474761393551394,1.2483080721082194,1.39693025864214
PER,28,1.2910593529295438,1.2734838006242981,1.39693025864214
PER,29T30,1.3147274694633437,1.2540470084569706,1.39693025864214
PER,31T33,0.32322355174839507,1.4029000655538704,1.39693025864214
PER,35,0.7062202551457666,1.362975541703297,1.39693025864214
PER,36T39,1.5287468743863728,1.2775242644517244,1.39693025864214
PER,41T43,1.3463534121461325,1.3724384444262094,1.39693025864214
PER,45T47,1.1812351937161665,1.2276661562577424,1.39693025864214
PER,49,1.0652804068061141,1.3070425070792264,1.39693025864214
PER,50,0.36505198093177255,1.307965681946635,1.39693025864214
PER,51,1.0949772800267121,1.3827984550543917,1.39693025864214
PER,52,1.0768874370074497,1.2856906697944601,1.39693025864214
PER,53,1.1289491313429365,1.2737673542187924,1.39693025864214
PER,55T56,1.2779683666188006,1.3971594112188475,1.39693025864214
PER,58T60,1.1728568093450265,1.2237474319694845,1.39693025864214
PER,61,1.3028026113107622,1.224812340395826,1.39693025864214
PER,62T63,1.289314579294923,1.207573557127713,1.39693025864214
PER,64T66,1.4119993707125666,1.2037568666020046,1.39693025864214
PER,68,1.306110692242953,1.1993732044883598,1.39693025864214
PER,69T75,1.2362822798458983,1.223204317869705,1.39693025864214
PER,77T82,1.4601619148079201,1.2135710666377322,1.39693025864214
PER,84,1.3227831691000835,1.255264046117081,1.39693025864214
PER,85,1.374051705135478,1.1997901437031473,1.39693025864214
PER,86T88,1.3579346206651108,1.2198675283632545,1.39693025864214
PER,90T93,1.3012794343223524,1.2821326924890855,1.39693025864214
PER,94T98,1.366245938731007,1.2158131907578955,1.39693025864214
PHL,01T02,0.6036503016328271,1.156476310475396,1.214364463993179
PHL,03,1.1213211143488604,1.0964587784666782,1.214364463993179
PHL,05T06,0.18559681373439227,1.0944927907896447,1.214364463993179
PHL,07T08,0.38023960137885393,1.1003107230559577,1.214364463993179
PHL,10T12,1.1938160540654383,1.3619303779666196,1.214364463993179
PHL,13T15,1.281364944131592,1.186910729748268,1.214364463993179
PHL,16,0.9750137588851349,1.335757639161014,1.214364463993179
PHL,17T18,0.3176792053889386,1.3833554926032852,1.214364463993179
PHL,19,0.9010893028331592,1.3949594415065547,1.214364463993179
PHL,20,1.5401539315782904,1.268569712354655,1.214364463993179
PHL,21,1.0363292723228692,1.2871665587104903,1.214364463993179
PHL,22,1.3141328987562917,1.3089000808088025,1.214364463993179
PHL,23,0.2019848299388848,1.3759860714099466,1.214364463993179
PHL,24,1.4534588458607633,1.5297662754061807,1.214364463993179
PHL,25,1.1337282494462675,1.4461978954644545,1.214364463993179
PHL,26,1.0735067844564652,1.2390995637156348,1.214364463993179
PHL,27,1.327702696450542,1.2233050834165513,1.214364463993179
PHL,28,1.1690289883242841,1.2531227342370572,1.214364463993179
PHL,29T30,1.1241892304866241,1.2645142520364439,1.214364463993179
PHL,31T33,1.1851364727262146,1.255400993274996,1.214364463993179
PHL,35,0.3087740940451957,1.2478855827212103,1.214364463993179
PHL,36T39,1.1120291178563644,1.1821816095443112,1.214364463993179
PHL,41T43,1.129468324247768,1.3656341508381027,1.214364463993179
PHL,45T47,1.0198953369689154,1.1619753400691788,1.214364463993179
PHL,49,0.7848211954597077,1.237469158286595,1.214364463993179
PHL,50,0.26523895178033974,1.1862921059616627,1.214364463993179
PHL,51,0.453976707798885,1.2338607689095047,1.214364463993179
PHL,52,0.9582236517463665,1.1688913791552253,1.214364463993179
PHL,53,1.1062600004570227,1.137121400085261,1.214364463993179
PHL,55T56,1.1021725720366464,1.2734756033828527,1.214364463993179
PHL,58T60,0.7838301086458189,1.2603432906944585,1.214364463993179
PHL,61,1.1241802903334945,1.112305270733657,1.214364463993179
PHL,62T63,0.8802423068959412,1.146927381753066,1.214364463993179
PHL,64T66,1.0367791719249888,1.0740766434782207,1.214364463993179
PHL,68,1.1486582366245752,1.0895901223405184,1.214364463993179
PHL,69T75,0.9878640527417967,1.1261113294906655,1.214364463993179
PHL,77T82,1.0294676051747875,1.1272431347179834,1.214364463993179
PHL,84,1.1749047281686575,1.0808618948495772,1.214364463993179
PHL,85,1.140655153892133,1.0759204220925878,1.214364463993179
PHL,86T88,1.1326771818357124,1.17862852790454,1.214364463993179
PHL,90T93,1.0886542605366567,1.1800219584272775,1.214364463993179
PHL,94T98,1.1537853927082764,1.1525865270902322,1.214364463993179
POL,01T02,0.35464744357732414,1.3988914077161514,1.2043708152016228
POL,03,0.9457962724333108,1.2064159759276079,1.2043708152016228
POL,05T06,0.12382506769569877,1.170622069564003,1.2043708152016228
POL,07T08,0.6318204689649981,1.3302662431822765,1.2043708152016228
POL,10T12,1.0030400907289112,1.4666294576159182,1.2043708152016228
POL,13T15,1.2022624811067586,1.2051860237310872,1.2043708152016228
POL,16,0.9709412914221647,1.3924123659539687,1.2043708152016228
POL,17T18,1.0593542818732964,1.2703670868623322,1.2043708152016228
POL,19,0.6406125210561271,1.421112918178827,1.2043708152016228
POL,20,0.31027222203250543,1.3849591874525962,1.2043708152016228
POL,21,0.817201147942072,1.1150634163445683,1.2043708152016228
POL,22,1.2835595183301787,1.3205027107967489,1.2043708152016228
POL,23,0.48014682044033363,1.413660700158454,1.2043708152016228
POL,24,0.46963130963398275,1.5696928606163563,1.2043708152016228
POL,25,1.1223636962225543,1.3156747464774512,1.2043708152016228
POL,26,1.1365154748850268,1.2304272540442058,1.2043708152016228
POL,27,1.149552047258518,1.2972919157973768,1.2043708152016228
POL,28,1.103812883312945,1.268671164410496,1.2043708152016228
POL,29T30,1.1553891334195687,1.246123484124232,1.2043708152016228
POL,31T33,1.3270926688844689,1.2259066153167297,1.2043708152016228
POL,35,0.19328144351705756,1.3175669767350353,1.2043708152016228
POL,36T39,1.0067074440201944,1.2212919147328227,1.2043708152016228
POL,41T43,1.0886385563077687,1.2415965351565643,1.2043708152016228
POL,45T47,1.0646008015392574,1.1283628186149768,1.2043708152016228
POL,49,0.7079606899805766,1.2108927014295652,1.2043708152016228
POL,50,1.209817802481336,1.1893785071593668,1.2043708152016228
POL,51,1.2862894850566506,1.2069804266793998,1.2043708152016228
POL,52,1.0077623699745404,1.1887902471227905,1.2043708152016228
POL,53,1.0969636545193386,1.150290685189564,1.2043708152016228
POL,55T56,1.135506029986124,1.2184926318314064,1.2043708152016228
POL,58T60,1.1742606706696594,1.1192747047703306,1.2043708152016228
POL,61,1.135675932400159,1.1182830041276057,1.2043708152016228
POL,62T63,1.167124107762095,1.0769928427670497,1.2043708152016228
POL,64T66,1.0733026800468113,1.0927367365905882,1.2043708152016228
POL,68,1.1071171474031873,1.331587974035125,1.2043708152016228
POL,69T75,1.1255756748254084,1.0970839327765363,1.2043708152016228
POL,77T82,1.0502391710382029,1.1631671654245002,1.2043708152016228
POL,84,1.173452492492911,1.0822397404284958,1.2043708152016228
POL,85,1.184708865015301,1.0938245951333034,1.2043708152016228
POL,86T88,1.1794815395084521,1.1350504332668907,1.2043708152016228
POL,90T93,1.1591592581704804,1.1854064157082447,1.2043708152016228
POL,94T98,1.1442588286176436,1.1334665738130898,1.2043708152016228
PRT,01T02,0.9350512334817493,1.3351278147926875,1.245511996148604
PRT,03,0.8299719966133104,1.2187806257723695,1.245511996148604
PRT,05T06,0.03224580799444583,1.3397564306468142,1.245511996148604
PRT,07T08,0.8759519517585426,1.3023308264355158,1.245511996148604
PRT,10T12,1.1397433904697416,1.4646688413747868,1.245511996148604
PRT,13T15,1.105008521006612,1.2279646605179078,1.245511996148604
PRT,16,1.073744062416624,1.4191409595696036,1.245511996148604
PRT,17T18,0.8438185385161606,1.3996570804079755,1.245511996148604
PRT,19,0.7985366533380458,1.5755846028796912,1.245511996148604
PRT,20,0.734268219239228,1.446176929944017,1.245511996148604
PRT,21,1.053812492913873,1.254326107331937,1.245511996148604
PRT,22,1.2822621208674256,1.3560957826530315,1.245511996148604
PRT,23,0.5015350216907699,1.412136096669582,1.245511996148604
PRT,24,2.2465071440532802,1.4632159906152404,1.245511996148604
PRT,25,1.1332705257627993,1.3195749023620689,1.245511996148604
PRT,26,1.1225631142744141,1.2381937084153978,1.245511996148604
PRT,27,1.1106230738946004,1.337496233470571,1.245511996148604
PRT,28,1.074113550766053,1.3098952507720203,1.245511996148604
PRT,29T30,1.154611796356999,1.2669478395321605,1.245511996148604
PRT,31T33,1.3056242846275188,1.257963029522893,1.245511996148604
PRT,35,0.5087141492802921,1.8982490392332905,1.245511996148604
PRT,36T39,1.3554228083959272,1.2699803026561085,1.245511996148604
PRT,41T43,1.1774792265720915,1.3207749732277754,1.245511996148604
PRT,45T47,1.0966632501433635,1.1895814924391213,1.245511996148604
PRT,49,0.7015180260016053,1.2592856656557483,1.245511996148604
PRT,50,0.29243918952330983,1.264769159164146,1.245511996148604
PRT,51,0.7699049357075208,1.2731069903058592,1.245511996148604
PRT,52,1.0858470556192341,1.183899493924422,1.245511996148604
PRT,53,1.1762790164319235,1.1672926949264268,1.245511996148604
PRT,55T56,1.1705469475769452,1.249048587722376,1.245511996148604
PRT,58T60,1.1062338313956044,1.188482119986425,1.245511996148604
PRT,61,1.1622183896252856,1.1758273584437873,1.245511996148604
PRT,62T63,1.1307525259978377,1.1537482922392306,1.245511996148604
PRT,64T66,1.1542892131024296,1.1389731078931553,1.245511996148604
PRT,68,1.2270399960442897,1.1351870381876212,1.245511996148604
PRT,69T75,1.1007361087858216,1.167289978983093,1.245511996148604
PRT,77T82,1.09376158419309,1.1653882275629464,1.245511996148604
PRT,84,1.2146361412136342,1.1725437064423823,1.245511996148604
PRT,85,1.2315724554675531,1.1420268228574804,1.245511996148604
PRT,86T88,1.2232948808051245,1.1968656668674567,1.245511996148604
PRT,90T93,1.188549983461701,1.1971311355095908,1.245511996148604
PRT,94T98,1.217619141007123,1.1832556253975703,1.245511996148604
ROU,01T02,0.6743188829102437,1.3482160064251434,1.238800592967878
ROU,03,1.2353038565065593,1.262705960086361,1.238800592967878
ROU,05T06,0.2819864640587655,1.255329020737821,1.238800592967878
ROU,07T08,0.5296183591605603,1.2732433682332651,1.238800592967878
ROU,10T12,1.209530114995333,1.3960996069995524,1.238800592967878
ROU,13T15,1.220003196431987,1.1994202128906066,1.238800592967878
ROU,16,1.0829053767591952,1.389059477896045,1.238800592967878
ROU,17T18,1.103975129327517,1.2655016805824792,1.238800592967878
ROU,19,0.8759924625905521,1.4419861539500096,1.238800592967878
ROU,20,0.06190201084981971,1.4195471216023765,1.238800592967878
ROU,21,0.3780084740269737,1.2322584446440503,1.238800592967878
ROU,22,1.2691084576840712,1.317371564379261,1.238800592967878
ROU,23,0.2799433837251596,1.3399312031976702,1.238800592967878
ROU,24,0.39496630422889595,1.4427905987127105,1.238800592967878
ROU,25,0.989597060314664,1.3221866361368246,1.238800592967878
ROU,26,1.1231854883966736,1.2430330426360094,1.238800592967878
ROU,27,1.1536843779232047,1.2797685606122928,1.238800592967878
ROU,28,1.0201227494205072,1.3276089221348633,1.238800592967878
ROU,29T30,1.0814979337251733,1.2815292968805294,1.238800592967878
ROU,31T33,1.338827699021218,1.234141694079736,1.238800592967878
ROU,35,0.46578158255737934,1.4635931628947614,1.238800592967878
ROU,36T39,1.1749035566114554,1.2346791593493809,1.238800592967878
ROU,41T43,1.1735112808020383,1.3670889671431368,1.238800592967878
ROU,45T47,1.0634502127724852,1.1855461682370403,1.238800592967878
ROU,49,1.1123635281288948,1.2122690988770344,1.238800592967878
ROU,50,1.5388368419537615,1.1866281162632166,1.238800592967878
ROU,51,1.00767988578271,1.2346565679969315,1.238800592967878
ROU,52,1.0945749703488519,1.1843691714081315,1.238800592967878
ROU,53,1.110526997769837,1.1833795526726294,1.238800592967878
ROU,55T56,1.1788737839592176,1.197435865286271,1.238800592967878
ROU,58T60,1.157605604432401,1.1490927734893899,1.238800592967878
ROU,61,1.1258639818888492,1.1915694853264631,1.238800592967878
ROU,62T63,1.0646136473966843,1.1328919496601877,1.238800592967878
ROU,64T66,1.0818016937655452,1.1179053631814984,1.238800592967878
ROU,68,1.1943855483895678,1.1066570844227734,1.238800592967878
ROU,69T75,1.065860188213522,1.169973019248642,1.238800592967878
ROU,77T82,1.0932999598535997,1.1676048081873192,1.238800592967878
ROU,84,1.2155355837079074,1.10117021717154,1.238800592967878
ROU,85,1.1984204913793908,1.1071824379837276,1.238800592967878
ROU,86T88,1.2147195050969573,1.1434412608488633,1.238800592967878
ROU,90T93,1.2046214512054538,1.1645260845768228,1.238800592967878
ROU,94T98,1.1839479583671337,1.1647333895565655,1.238800592967878
ROW,01T02,0.17707407366974406,1.1355504987482323,1.0120659341312566
ROW,03,0.9366409402337252,0.9123273945313022,1.0120659341312566
ROW,05T06,0.27117084091148413,1.0029092640588204,1.0120659341312566
ROW,07T08,0.9460215253759017,0.9582376978052293,1.0120659341312566
ROW,10T12,0.9333213298421971,1.5308056061748747,1.0120659341312566
ROW,13T15,1.499213279128735,1.037023228252733,1.0120659341312566
ROW,16,1.000044882526163,1.278312535749902,1.0120659341312566
ROW,17T18,1.1152989325869238,1.1733170533313744,1.0120659341312566
ROW,19,0.6117939054602299,1.3610736690764587,1.0120659341312566
ROW,20,0.23137894385874694,1.293642653314493,1.0120659341312566
ROW,21,0.9570708289986241,1.044548984414427,1.0120659341312566
ROW,22,0.05755905310398037,1.3412351698283744,1.0120659341312566
ROW,23,0.26938763154116424,1.2196854246870354,1.0120659341312566
ROW,24,1.0044942776296588,1.3258727521302582,1.0120659341312566
ROW,25,1.1458554128604508,1.1872559739179376,1.0120659341312566
ROW,26,1.135697103159483,1.0634001461186118,1.0120659341312566
ROW,27,1.1511319972897986,1.1901631163080646,1.0120659341312566
ROW,28,1.1436675461101726,1.1119569118160058,1.0120659341312566
ROW,29T30,1.2800771868929255,1.070538705871616,1.0120659341312566
ROW,31T33,0.09666506825751434,1.0782954724458222,1.0120659341312566
ROW,35,0.18421771822086694,1.3067352111646884,1.0120659341312566
ROW,36T39,0.9063555092445186,0.9975898324491228,1.0120659341312566
ROW,41T43,0.964722296555645,1.1231498224582657,1.0120659341312566
ROW,45T47,0.9864810411912254,0.926123966808348,1.0120659341312566
ROW,49,0.6167452278662634,0.9955979350893881,1.0120659341312566
ROW,50,0.6508932450352971,1.0919435912780757,1.0120659341312566
ROW,51,0.30705084395392956,1.0726807283874864,1.0120659341312566
ROW,52,0.9816811635728225,0.9705406335350788,1.0120659341312566
ROW,53,1.0183951448860953,0.9308711868615195,1.0120659341312566
ROW,55T56,1.0779995251095136,1.0842156048334044,1.0120659341312566
ROW,58T60,1.2670715399036019,0.9147250837956195,1.0120659341312566
ROW,61,1.0408549664936877,0.8870706185082475,1.0120659341312566
ROW,62T63,1.2898044346201907,0.8563517112465829,1.0120659341312566
ROW,64T66,1.1255965441092295,0.837077626973293,1.0120659341312566
ROW,68,1.0298250251036472,0.8309208352589394,1.0120659341312566
ROW,69T75,1.1885598928776846,0.8646865032434718,1.0120659341312566
ROW,77T82,1.0441500408829731,0.8908587564016218,1.0120659341312566
ROW,84,0.9656696342144705,0.9084001977796217,1.0120659341312566
ROW,85,0.989458020128454,0.895149022870768,1.0120659341312566
ROW,86T88,0.9881610956295632,0.9284387320086597,1.0120659341312566
ROW,90T93,1.0592208426756637,0.9522846443280911,1.0120659341312566
ROW,94T98,0.9986098812748316,0.9302675396758918,1.0120659341312566
RUS,01T02,0.4865115678717982,1.0216046651482225,0.8337935745755712
RUS,03,0.6821447316658898,0.9067010920539209,0.8337935745755712
RUS,05T06,0.3311266222752788,0.8430381836470368,0.8337935745755712
RUS,07T08,0.4875998543763974,0.92789652066618,0.8337935745755712
RUS,10T12,0.8657490033407435,1.219980997173267,0.8337935745755712
RUS,13T15,1.5394758373562505,0.9508798896340304,0.8337935745755712
RUS,16,0.23671622655533944,1.2191558946539676,0.8337935745755712
RUS,17T18,0.8324926828021173,1.1084868034771167,0.8337935745755712
RUS,19,0.5046518133264323,1.0685528744159452,0.8337935745755712
RUS,20,0.0794180103167566,1.2492620820897522,0.8337935745755712
RUS,21,0.7153483795592475,0.9479132038025189,0.8337935745755712
RUS,22,0.5000955824504087,1.3549260991562422,0.8337935745755712
RUS,23,0.17444372853824497,1.415309452995913,0.8337935745755712
RUS,24,0.05922792596401141,1.3997067345833907,0.8337935745755712
RUS,25,0.6353189691773153,1.3144263215076566,0.8337935745755712
RUS,26,0.9971547664176987,0.9629610257872326,0.8337935745755712
RUS,27,0.7628189559518311,1.2971915267032765,0.8337935745755712
RUS,28,0.7677422061611665,1.2084016777847342,0.8337935745755712
RUS,29T30,0.910935097660948,1.0882215877942762,0.8337935745755712
RUS,31T33,0.7979409465382485,1.0606588264033685,0.8337935745755712
RUS,35,0.10393340521113746,1.680466763735228,0.8337935745755712
RUS,36T39,0.5389984072450196,1.270772393213931,0.8337935745755712
RUS,41T43,0.7218347293787238,1.0734357857675705,0.8337935745755712
RUS,45T47,0.889114166578263,0.8559470000057531,0.8337935745755712
RUS,49,0.34845198576554176,0.945661232388555,0.8337935745755712
RUS,50,0.12120192348253744,0.9350775263392191,0.8337935745755712
RUS,51,0.45507525904081436,1.0543121460151743,0.8337935745755712
RUS,52,0.6562117412938179,0.9828692430225515,0.8337935745755712
RUS,53,0.9565799121537437,0.8780403058982686,0.8337935745755712
RUS,55T56,1.0799053267406005,0.9200927247485274,0.8337935745755712
RUS,58T60,1.551861880919947,0.8258958557218196,0.8337935745755712
RUS,61,0.9329349834333831,0.8242976612482833,0.8337935745755712
RUS,62T63,1.3719429394977294,0.7665318738288144,0.8337935745755712
RUS,64T66,0.843029788459463,0.7307770665955183,0.8337935745755712
RUS,68,0.8194412960723257,0.8099638838602161,0.8337935745755712
RUS,69T75,0.9974655616855831,0.8101344983882961,0.8337935745755712
RUS,77T82,0.7076757762712319,0.7938525657226368,0.8337935745755712
RUS,84,0.8111186802155322,0.8283834005611522,0.8337935745755712
RUS,85,0.8307187158590524,0.7846617754806068,0.8337935745755712
RUS,86T88,0.8228281714762438,0.8447131341835503,0.8337935745755712
RUS,90T93,0.8660372629266155,0.83690493761002,0.8337935745755712
RUS,94T98,0.865929299896441,0.7694481220726589,0.8337935745755712
SAU,01T02,1.8994432859199712,0.9903417975093516,0.9656020588571028
SAU,03,0.8956156360673467,1.023264953686838,0.9656020588571028
SAU,05T06,0.6740458715205755,0.8291533434262137,0.9656020588571028
SAU,07T08,1.1857899662826052,0.8666911270899007,0.9656020588571028
SAU,10T12,1.2686068569439493,1.0410092696063182,0.9656020588571028
SAU,13T15,0.9745480439185406,1.0939757218902701,0.9656020588571028
SAU,16,0.36218597689545756,1.1600118547862464,0.9656020588571028
SAU,17T18,0.8685985788021974,1.1370851088958778,0.9656020588571028
SAU,19,0.8644150458715041,1.0056700105853882,0.9656020588571028
SAU,20,0.25469798494407797,1.0581352199857406,0.9656020588571028
SAU,21,0.3407400186117377,1.1118607012748292,0.9656020588571028
SAU,22,0.0017624558883076167,1.1828842117295975,0.9656020588571028
SAU,23,0.30879211381056126,1.1270802269954863,0.9656020588571028
SAU,24,2.3384722459748346,1.0860623540434564,0.9656020588571028
SAU,25,0.9645667030046315,1.0891740757069523,0.9656020588571028
SAU,26,0.9015767151467073,1.094941047779386,0.9656020588571028
SAU,27,0.9403441761146156,1.146035848196068,0.9656020588571028
SAU,28,0.7289350565231133,1.114191526440454,0.9656020588571028
SAU,29T30,1.345849667299004,1.0566066323806582,0.9656020588571028
SAU,31T33,0.002585370848082725,1.1012929576883332,0.9656020588571028
SAU,35,0.10674059319630089,1.0441394764070664,0.9656020588571028
SAU,36T39,0.7988249143085073,1.0448669829259472,0.9656020588571028
SAU,41T43,0.7829915746200798,1.1491436156429367,0.9656020588571028
SAU,45T47,0.8684468747099902,0.9996956644349883,0.9656020588571028
SAU,49,0.13104021313918177,1.0463354744739364,0.9656020588571028
SAU,50,0.23117719614410756,1.1070762357764332,0.9656020588571028
SAU,51,0.5656318951031657,1.172490961082263,0.9656020588571028
SAU,52,0.7533463393529105,1.106782841591335,0.9656020588571028
SAU,53,0.515399649859081,1.1558556024962112,0.9656020588571028
SAU,55T56,1.0581757267756378,1.0438594560334713,0.9656020588571028
SAU,58T60,1.3183995419703685,1.0006666246407108,0.9656020588571028
SAU,61,0.8102859765400304,1.0128839740171671,0.9656020588571028
SAU,62T63,0.8621922635667173,1.03547656038067,0.9656020588571028
SAU,64T66,1.053631995088105,0.8694153304888403,0.9656020588571028
SAU,68,0.9577798433700294,0.8615903478075929,0.9656020588571028
SAU,69T75,0.7515748499576397,1.1783269249912998,0.9656020588571028
SAU,77T82,0.73949247335928,1.2078824654641511,0.9656020588571028
SAU,84,0.9194391085621055,0.866976834866175,0.9656020588571028
SAU,85,0.9476985348330884,0.8737839569247717,0.9656020588571028
SAU,86T88,0.9043703137647725,0.9920021637058675,0.9656020588571028
SAU,90T93,0.9901762776701343,0.9087405056865999,0.9656020588571028
SAU,94T98,0.9365195575225301,0.880535543101619,0.9656020588571028
SGP,01T02,0.2501631542042898,1.1684529296675807,1.1683185028346723
SGP,03,0.6743574812162793,1.1827961932289082,1.1683185028346723
SGP,05T06,0.3597892325732987,1.102474270217097,1.1683185028346723
SGP,07T08,0.8652980887111924,1.1827586231627878,1.1683185028346723
SGP,10T12,0.8471080047031613,1.7142727323856928,1.1683185028346723
SGP,13T15,0.5800639681097122,1.4358272008918944,1.1683185028346723
SGP,16,0.6902654204366864,1.6130772153172432,1.1683185028346723
SGP,17T18,1.0451799837559743,1.3595047926868198,1.1683185028346723
SGP,19,1.0401313862355843,1.5161541718146572,1.1683185028346723
SGP,20,0.7115084159156431,1.3763476168310533,1.1683185028346723
SGP,21,1.4306379092764367,1.0719136963123568,1.1683185028346723
SGP,22,0.09988138852898447,1.6619313069882606,1.1683185028346723
SGP,23,0.6744757901606321,1.6223744275647738,1.1683185028346723
SGP,24,3.222031258406515,1.5405969588961042,1.1683185028346723
SGP,25,1.050084013393165,1.4060781534718678,1.1683185028346723
SGP,26,1.0687876764508193,1.2315330493022478,1.1683185028346723
SGP,27,1.11093209969267,1.3392394977126612,1.1683185028346723
SGP,28,1.213519939812855,1.2044879757907987,1.1683185028346723
SGP,29T30,1.0898802373973948,1.2316505166757747,1.1683185028346723
SGP,31T33,0.36215287766279797,1.238212802260328,1.1683185028346723
SGP,35,0.16287285417650105,1.57966219948658,1.1683185028346723
SGP,36T39,1.0145727902416002,1.1942340668538307,1.1683185028346723
SGP,41T43,1.0763263438390143,1.3144606447821217,1.1683185028346723
SGP,45T47,0.8983176327759284,1.1542515613518791,1.1683185028346723
SGP,49,0.6870633359574494,1.1852116766568812,1.1683185028346723
SGP,50,0.21574033306280685,1.5379227243176723,1.1683185028346723
SGP,51,0.3960515454262508,1.263001623087439,1.1683185028346723
SGP,52,0.8163104913593701,1.1563242761643755,1.1683185028346723
SGP,53,0.8666919958289284,1.1631806335452264,1.1683185028346723
SGP,55T56,1.0410159864432622,1.243141307937344,1.1683185028346723
SGP,58T60,1.069791676427353,1.1125091077675935,1.1683185028346723
SGP,61,1.126289274245568,1.07539108546531,1.1683185028346723
SGP,62T63,1.0226912896438671,1.0732152929301555,1.1683185028346723
SGP,64T66,1.154710758277358,1.0055029529813806,1.1683185028346723
SGP,68,1.0714003771446081,1.0285777634622784,1.1683185028346723
SGP,69T75,1.1634337381392397,1.0590697003527216,1.1683185028346723
SGP,77T82,1.081001762755109,1.0383583638115639,1.1683185028346723
SGP,84,1.1509115709978266,1.1124032444728509,1.1683185028346723
SGP,85,1.157792204738802,1.043874878670467,1.1683185028346723
SGP,86T88,1.1562147518961579,1.0829311417509442,1.1683185028346723
SGP,90T93,1.0875073570449012,1.1071357471428265,1.1683185028346723
SGP,94T98,1.1701097244673146,0.9654773961718356,1.1683185028346723
SVK,01T02,1.3066746064915071,1.3314833070891854,1.2654592314825521
SVK,03,1.0045846150425202,1.3039445920459598,1.2654592314825521
SVK,05T06,0.06123363547914491,1.2082295812156028,1.2654592314825521
SVK,07T08,0.45732818038086254,1.3282072658857362,1.2654592314825521
SVK,10T12,1.2849699136985326,1.3701809476117763,1.2654592314825521
SVK,13T15,1.1502203669060314,1.2365591855742575,1.2654592314825521
SVK,16,1.5014461583171477,1.2742547211371278,1.2654592314825521
SVK,17T18,1.0834580289232498,1.3228889837749742,1.2654592314825521
SVK,19,0.6450796058148671,1.459626638600848,1.2654592314825521
SVK,20,0.08665443629541449,1.3830293401261808,1.2654592314825521
SVK,21,0.29925711078967043,1.2763814176943526,1.2654592314825521
SVK,22,1.2415376749093494,1.3527077570861366,1.2654592314825521
SVK,23,0.22520065367292227,1.455791155884619,1.2654592314825521
SVK,24,0.03780833897404106,1.534235246717633,1.2654592314825521
SVK,25,1.147053785073865,1.3148091460735891,1.2654592314825521
SVK,26,1.1657193124510723,1.2297508488071753,1.2654592314825521
SVK,27,1.200321388609692,1.2796226082465338,1.2654592314825521
SVK,28,1.0480986266841281,1.3331247705283922,1.2654592314825521
SVK,29T30,1.1460804666882323,1.2450495145373426,1.2654592314825521
SVK,31T33,1.4690805642848503,1.2362516979679128,1.2654592314825521
SVK,35,0.9353710225152088,1.5444178876301229,1.2654592314825521
SVK,36T39,1.1372248764035309,1.2093181501421821,1.2654592314825521
SVK,41T43,1.1943585698743684,1.236143366852577,1.2654592314825521
SVK,45T47,1.0537144027555918,1.1991338904074131,1.2654592314825521
SVK,49,0.88076463293138,1.211958381421876,1.2654592314825521
SVK,50,1.4356674749451273,1.3247926882633643,1.2654592314825521
SVK,51,2.0251425221424295,1.3908948558381529,1.2654592314825521
SVK,52,0.9966623111595857,1.2521430683211814,1.2654592314825521
SVK,53,1.1506508703772347,1.1753583564945,1.2654592314825521
SVK,55T56,1.1781864159866866,1.224309996975332,1.2654592314825521
SVK,58T60,1.119535353030738,1.173561700498294,1.2654592314825521
SVK,61,1.1795755067012967,1.1490071945593698,1.2654592314825521
SVK,62T63,1.0622631772121147,1.143190219887181,1.2654592314825521
SVK,64T66,1.155018207299966,1.134928934778133,1.2654592314825521
SVK,68,1.2026291513983245,1.142647571275335,1.2654592314825521
SVK,69T75,1.0471255525738286,1.2138283497180846,1.2654592314825521
SVK,77T82,1.117279545528748,1.1862942603937705,1.2654592314825521
SVK,84,1.2297903578609686,1.1471122209517153,1.2654592314825521
SVK,85,1.2358458180684126,1.1554791893783813,1.2654592314825521
SVK,86T88,1.239202844207709,1.175259016276638,1.2654592314825521
SVK,90T93,1.2096375517288758,1.1962424627386374,1.2654592314825521
SVK,94T98,1.1997366516342383,1.189556079602719,1.2654592314825521
SVN,01T02,0.3999837385315353,1.3500368549632145,1.2762657839715388
SVN,03,1.3868200862048599,1.247012177082549,1.2762657839715388
SVN,05T06,0.0981266531144175,1.2413650605417175,1.2762657839715388
SVN,07T08,0.5580679139408682,1.3425534038609388,1.2762657839715388
SVN,10T12,1.2425530295699725,1.3757085436369538,1.2762657839715388
SVN,13T15,1.1589930408755942,1.2186563675568693,1.2762657839715388
SVN,16,0.5668070179127226,1.4050602606008211,1.2762657839715388
SVN,17T18,0.7516417039862694,1.3275733691631468,1.2762657839715388
SVN,19,5.349164146137342e-07,1.3372043252101034,1.2762657839715388
SVN,20,1.569163304311679,1.360285444594295,1.2762657839715388
SVN,21,1.2946903527986937,1.1986923949557131,1.2762657839715388
SVN,22,1.531005002845322,1.289557224073755,1.2762657839715388
SVN,23,0.23033232277124846,1.3654826777000586,1.2762657839715388
SVN,24,2.373074031917199,1.4611437009000166,1.2762657839715388
SVN,25,1.2725680151273409,1.29733084762567,1.2762657839715388
SVN,26,1.1607161733236202,1.2104200829678944,1.2762657839715388
SVN,27,1.1249117378829587,1.3088562188270156,1.2762657839715388
SVN,28,1.0743603198802933,1.3066120458599473,1.2762657839715388
SVN,29T30,1.1367497905963784,1.2846903448572171,1.2762657839715388
SVN,31T33,1.3644633449470442,1.2589731694418875,1.2762657839715388
SVN,35,0.23109585527769025,1.3404945921051268,1.2762657839715388
SVN,36T39,1.2965689746054552,1.2862266916777376,1.2762657839715388
SVN,41T43,1.191511233825169,1.2976293469407962,1.2762657839715388
SVN,45T47,1.1123150031713303,1.2029665559970173,1.2762657839715388
SVN,49,0.7676051126556586,1.2623056373829256,1.2762657839715388
SVN,50,0.11133853460245416,1.5057086450318675,1.2762657839715388
SVN,51,1.6715033153687242,1.2582201248065583,1.2762657839715388
SVN,52,1.0680710601243695,1.246114063535376,1.2762657839715388
SVN,53,1.1063724853844303,1.191239261373758,1.2762657839715388
SVN,55T56,1.1837921574627859,1.2451297484309136,1.2762657839715388
SVN,58T60,1.0614687591996221,1.1710373019229534,1.2762657839715388
SVN,61,1.1301015989860017,1.1503438442279457,1.2762657839715388
SVN,62T63,1.0720452387779293,1.153919830199599,1.2762657839715388
SVN,64T66,1.1335993059239602,1.1510469085226949,1.2762657839715388
SVN,68,1.2548220111789103,1.153891996770788,1.2762657839715388
SVN,69T75,1.0885698564039334,1.1916751612075513,1.2762657839715388
SVN,77T82,1.1194132361645939,1.1981196044867728,1.2762657839715388
SVN,84,1.2467935261413323,1.1734829901338135,1.2762657839715388
SVN,85,1.2453320544499846,1.172763745277184,1.2762657839715388
SVN,86T88,1.2576412332579432,1.182106496669404,1.2762657839715388
SVN,90T93,1.2366421401910936,1.1995291641783978,1.2762657839715388
SVN,94T98,1.2102321527527307,1.189189821133487,1.2762657839715388
SWE,01T02,0.18947931217773342,1.627153177048306,1.2623583401660805
SWE,03,0.7820681296929589,1.2448832244010102,1.2623583401660805
SWE,05T06,0.4731367046213254,1.3175984419373088,1.2623583401660805
SWE,07T08,1.384651309648713,1.2444336014369382,1.2623583401660805
SWE,10T12,1.213402062974181,1.4172696281251287,1.2623583401660805
SWE,13T15,1.085581403646501,1.2600182771434545,1.2623583401660805
SWE,16,0.8087428207137882,1.7135594865288717,1.2623583401660805
SWE,17T18,0.8437933629922426,1.4557062823603406,1.2623583401660805
SWE,19,1.170985232427244,1.4952917941751196,1.2623583401660805
SWE,20,0.566339642494761,1.306418641158484,1.2623583401660805
SWE,21,1.3061812130991843,1.2318489061812217,1.2623583401660805
SWE,22,1.5073665945344155,1.3086339973840606,1.2623583401660805
SWE,23,0.9900472723588609,1.3542645578338164,1.2623583401660805
SWE,24,2.3444939451452247,1.3761477466126257,1.2623583401660805
SWE,25,1.2376248117639783,1.32845114256234,1.2623583401660805
SWE,26,1.177855252771142,1.2206276091331218,1.2623583401660805
SWE,27,1.2305719890344977,1.2788459867631186,1.2623583401660805
SWE,28,1.188645048226611,1.241290184964828,1.2623583401660805
SWE,29T30,1.1897749957869324,1.2454347032698618,1.2623583401660805
SWE,31T33,1.2338410987309962,1.2643955121338688,1.2623583401660805
SWE,35,1.6539165321697613,1.2584055133226628,1.2623583401660805
SWE,36T39,1.339702349106448,1.2384002593561418,1.2623583401660805
SWE,41T43,1.2225250991888648,1.2709057751674981,1.2623583401660805
SWE,45T47,1.1289847839607006,1.2018200970534911,1.2623583401660805
SWE,49,1.075002387832084,1.2456877958278312,1.2623583401660805
SWE,50,0.2499975458678726,1.3257112220871643,1.2623583401660805
SWE,51,0.7583102898210641,1.2849130795874977,1.2623583401660805
SWE,52,1.0705483412387018,1.2759753183128004,1.2623583401660805
SWE,53,1.1356826463099945,1.2036293228595585,1.2623583401660805
SWE,55T56,1.189510554620379,1.2539460955458201,1.2623583401660805
SWE,58T60,1.0896798473145224,1.1893858970960893,1.2623583401660805
SWE,61,1.130249838139282,1.1886919042659274,1.2623583401660805
SWE,62T63,1.0456540702210382,1.17998852767018,1.2623583401660805
SWE,64T66,1.1225644877409855,1.1812712397240752,1.2623583401660805
SWE,68,1.2230522578556982,1.2103722764207596,1.2623583401660805
SWE,69T75,1.1466790608638855,1.1927724171761347,1.2623583401660805
SWE,77T82,1.1331258128266437,1.223619661975634,1.2623583401660805
SWE,84,1.24203881289372,1.198795558154369,1.2623583401660805
SWE,85,1.2495201377145368,1.1937223711314926,1.2623583401660805
SWE,86T88,1.2553627207019917,1.1934388246399426,1.2623583401660805
SWE,90T93,1.2105432379694154,1.2258929475174407,1.2623583401660805
SWE,94T98,1.2260743897341826,1.2026872478456483,1.2623583401660805
THA,01T02,0.48084447118077345,1.1251149251515469,1.1894191509810472
THA,03,0.8705972379744857,1.1197107334114516,1.1894191509810472
THA,05T06,0.17672361490304905,1.0935425913759815,1.1894191509810472
THA,07T08,0.5857658705934549,1.1444784574184392,1.1894191509810472
THA,10T12,0.9639278645063221,1.5184903275958972,1.1894191509810472
THA,13T15,1.1791283944920015,1.187518093351404,1.1894191509810472
THA,16,0.7932693387441879,1.3235161785705427,1.1894191509810472
THA,17T18,0.8601018921375424,1.236469381459308,1.1894191509810472
THA,19,0.750479141745606,1.6441579269502504,1.1894191509810472
THA,20,0.4498042969299225,1.3730457268775869,1.1894191509810472
THA,21,0.9344100689025958,1.2809997174227763,1.1894191509810472
THA,22,0.9131895506346098,1.4902693577757402,1.1894191509810472
THA,23,0.20714647711424972,1.536113588596757,1.1894191509810472
THA,24,0.28954559271561553,1.4902134650698704,1.1894191509810472
THA,25,0.8679161894558878,1.4549907586352353,1.1894191509810472
THA,26,1.1204411466696371,1.1829749090170323,1.1894191509810472
THA,27,1.0122216154225931,1.3644491661843452,1.1894191509810472
THA,28,0.9002484094257273,1.3133549850348405,1.1894191509810472
THA,29T30,0.9429416147840717,1.3006402713362206,1.1894191509810472
THA,31T33,1.0402093434796909,1.2953342803732264,1.1894191509810472
THA,35,0.46424587308701776,1.43921903594618,1.1894191509810472
THA,36T39,1.0315158841064627,1.1119941892012817,1.1894191509810472
THA,41T43,1.1287389444671518,1.6141502174080269,1.1894191509810472
THA,45T47,1.1049910624592623,1.0056850384402947,1.1894191509810472
THA,49,0.3838047031170324,1.3572254572682043,1.1894191509810472
THA,50,0.4498307912221049,1.2288759446736917,1.1894191509810472
THA,51,0.3525599680218274,1.3881508368668258,1.1894191509810472
THA,52,0.9082809108189654,1.2316567921985897,1.1894191509810472
THA,53,1.0769688336854706,1.0321051384933329,1.1894191509810472
THA,55T56,1.0175522968908717,1.3148458595813903,1.1894191509810472
THA,58T60,0.9973127920851954,1.1281872804326987,1.1894191509810472
THA,61,1.2174400327667483,1.0336920614247538,1.1894191509810472
THA,62T63,0.8387140249911018,1.1041569991247777,1.1894191509810472
THA,64T66,1.0104314343196519,0.9945455183428871,1.1894191509810472
THA,68,1.1953067762723464,0.9887438506064625,1.1894191509810472
THA,69T75,0.9682855151592371,1.078554318542524,1.1894191509810472
THA,77T82,0.8890156163063645,1.101770335547038,1.1894191509810472
THA,84,1.1457915954906617,1.0329835452378353,1.1894191509810472
THA,85,1.1596202707011312,1.0214338502303428,1.1894191509810472
THA,86T88,1.1511686064691782,1.1329150952102895,1.1894191509810472
THA,90T93,1.1463218647808344,1.0631092770263382,1.1894191509810472
THA,94T98,1.0259655996853514,1.16908824750917,1.1894191509810472
TUN,01T02,0.6367650260324378,1.1118869268633405,1.17219868562656
TUN,03,1.0386670327726026,1.0374058271230826,1.17219868562656
TUN,05T06,0.22494815328693163,1.4658873568385087,1.17219868562656
TUN,07T08,0.280860847175384,1.5366780447538475,1.17219868562656
TUN,10T12,0.9742634473595182,1.634072392804833,1.17219868562656
TUN,13T15,0.9987525631523445,1.2286545528828032,1.17219868562656
TUN,16,1.1078090260214293,1.2769839088774184,1.17219868562656
TUN,17T18,0.7043933182603217,1.2807882971085618,1.17219868562656
TUN,19,0.36418300228157763,2.1864170170396804,1.17219868562656
TUN,20,0.6629161427204585,1.4446297091746827,1.17219868562656
TUN,21,0.8722974704018428,1.2591527618181722,1.17219868562656
TUN,22,0.07141558076933457,1.359247352962687,1.17219868562656
TUN,23,0.037620367685064875,1.735423741702864,1.17219868562656
TUN,24,1.6055476196180258,1.656053362812989,1.17219868562656
TUN,25,0.9619408103737017,1.3710419295301266,1.17219868562656
TUN,26,1.0966445934049562,1.2799207827836663,1.17219868562656
TUN,27,1.0983740657642078,1.3410088293729254,1.17219868562656
TUN,28,1.0966195236500782,1.2877131846195127,1.17219868562656
TUN,29T30,1.1691203142453293,1.2607564892373422,1.17219868562656
TUN,31T33,0.20027733368873737,1.2406111890883988,1.17219868562656
TUN,35,0.09568428278569692,1.8870871871467452,1.17219868562656
TUN,36T39,1.0364372662449832,1.4725238360508985,1.17219868562656
TUN,41T43,1.07409338363805,1.5325159340534766,1.17219868562656
TUN,45T47,1.1242711280615112,1.0683442134014165,1.17219868562656
TUN,49,0.5883842099663071,1.131739696003078,1.17219868562656
TUN,50,1.4042271631526624,1.1915217378892669,1.17219868562656
TUN,51,0.19995156939805875,1.2523949852665945,1.17219868562656
TUN,52,0.8576490828349483,1.0713836530619278,1.17219868562656
TUN,53,1.059954891534265,1.0631327434254936,1.17219868562656
TUN,55T56,1.148021155314671,1.1530788063654778,1.17219868562656
TUN,58T60,1.0399461915349695,1.1571356115063383,1.17219868562656
TUN,61,1.1476880703187282,1.0391772906002414,1.17219868562656
TUN,62T63,1.0278738987937257,1.0722692751185037,1.17219868562656
TUN,64T66,1.0283780336629338,1.008561873283885,1.17219868562656
TUN,68,1.131536380626256,1.0384042047469217,1.17219868562656
TUN,69T75,1.0570162755795989,1.0975032035683838,1.17219868562656
TUN,77T82,1.040569105914493,1.0988518217775636,1.17219868562656
TUN,84,1.1400817454974532,1.0019058105793173,1.17219868562656
TUN,85,1.1919396097054553,1.0245994670812233,1.17219868562656
TUN,86T88,1.1487452255273243,1.0810674603121968,1.17219868562656
TUN,90T93,1.0263397624938784,1.1497568434746834,1.17219868562656
TUN,94T98,1.1981435869037067,1.0304071450978376,1.17219868562656
TUR,01T02,0.9688884842014697,1.316018445725703,1.2035400849508235
TUR,03,0.9188274490482803,1.1366183380875163,1.2035400849508235
TUR,05T06,0.21120943605283016,1.2480857947531354,1.2035400849508235
TUR,07T08,0.5104214527856545,1.1462885855738363,1.2035400849508235
TUR,10T12,1.0521110985846374,1.4369142199006113,1.2035400849508235
TUR,13T15,0.9902465447793103,1.1914887096790663,1.2035400849508235
TUR,16,0.6053317241504288,1.4105524139012897,1.2035400849508235
TUR,17T18,0.9418696722478394,1.2359765251512265,1.2035400849508235
TUR,19,0.7608725278609656,1.4418195834150755,1.2035400849508235
TUR,20,0.27442247098943984,1.3002039521794573,1.2035400849508235
TUR,21,0.7692567896661141,1.2179954128578228,1.2035400849508235
TUR,22,0.9886188677156028,1.368679183460543,1.2035400849508235
TUR,23,0.1942155066883386,1.5839547192539096,1.2035400849508235
TUR,24,0.5264108939866192,1.464215750025387,1.2035400849508235
TUR,25,1.0829681198930374,1.3288075867766223,1.2035400849508235
TUR,26,1.2695014052324363,1.0976808900512538,1.2035400849508235
TUR,27,1.026819907714567,1.3663082293435744,1.2035400849508235
TUR,28,1.0911815367759827,1.2843888259902005,1.2035400849508235
TUR,29T30,1.202522308935755,1.2218885478444867,1.2035400849508235
TUR,31T33,1.1227446986401732,1.2463310433906944,1.2035400849508235
TUR,35,0.16139554063425246,4.173264912478868,1.2035400849508235
TUR,36T39,0.7869686468013504,1.2586842431392566,1.2035400849508235
TUR,41T43,1.1254439538798042,1.3647964714532823,1.2035400849508235
TUR,45T47,0.9956251620187807,1.0973835839678665,1.2035400849508235
TUR,49,0.821423085116811,1.196291460200828,1.2035400849508235
TUR,50,0.7174486405845469,1.1281369316888232,1.2035400849508235
TUR,51,0.24081642725154045,1.1360419901199865,1.2035400849508235
TUR,52,0.9633103893102422,1.0592314892831323,1.2035400849508235
TUR,53,0.9457477163786986,1.1270204660209138,1.2035400849508235
TUR,55T56,1.1217480092614625,1.1758897146703127,1.2035400849508235
TUR,58T60,1.0490012208549315,1.1127523885401644,1.2035400849508235
TUR,61,1.110693270705792,1.1128157635381275,1.2035400849508235
TUR,62T63,1.0683610283781981,0.9969006721556605,1.2035400849508235
TUR,64T66,1.0189342534127557,1.0419664185860942,1.2035400849508235
TUR,68,1.0966061838756258,1.1964333814081738,1.2035400849508235
TUR,69T75,1.0127998954151365,1.0761928109916292,1.2035400849508235
TUR,77T82,1.0238238547138685,1.058702117535301,1.2035400849508235
TUR,84,1.1142376142235908,1.113383285131649,1.2035400849508235
TUR,85,1.1575996312717676,1.0335001041674161,1.2035400849508235
TUR,86T88,1.1655186836906923,1.1277943726446453,1.2035400849508235
TUR,90T93,1.1281257549205104,1.0973386106478487,1.2035400849508235
TUR,94T98,1.1283132530980833,1.1380961273425478,1.2035400849508235
TWN,01T02,1.3846124106197502,1.1638190572175342,1.1659206654663914
TWN,03,0.6279339034782533,1.2847839440727318,1.1659206654663914
TWN,05T06,0.20903618728818057,1.249506715215817,1.1659206654663914
TWN,07T08,0.19095720838082622,1.3270133474277566,1.1659206654663914
TWN,10T12,1.2831984649227464,1.2535099815904294,1.1659206654663914
TWN,13T15,0.5949429596068306,1.3508962688838195,1.1659206654663914
TWN,16,1.3147630542421036,1.3084834460837502,1.1659206654663914
TWN,17T18,0.7665623704514691,1.3518535298428496,1.1659206654663914
TWN,19,0.5250850565232048,1.513274572754842,1.1659206654663914
TWN,20,0.49736050549290256,1.6676392244647424,1.1659206654663914
TWN,21,1.0238795080747811,1.206961659114163,1.1659206654663914
TWN,22,1.1596124986066865,1.4303941051318516,1.1659206654663914
TWN,23,0.6493171491288195,1.5777726480352299,1.1659206654663914
TWN,24,0.135478975544372,1.7630676185849574,1.1659206654663914
TWN,25,0.7816940738072102,1.5567457553895274,1.1659206654663914
TWN,26,1.045798246919172,1.2413033121318302,1.1659206654663914
TWN,27,1.096290727444415,1.345097825839812,1.1659206654663914
TWN,28,0.9112129369584624,1.4186914123180607,1.1659206654663914
TWN,29T30,1.068876537204298,1.2784174984560122,1.1659206654663914
TWN,31T33,1.1646816926387835,1.279334537769312,1.1659206654663914
TWN,35,0.15709512002916087,1.4867499883767388,1.1659206654663914
TWN,36T39,0.7481232407463654,1.2527691752980505,1.1659206654663914
TWN,41T43,1.1099142921466851,1.4573664630072378,1.1659206654663914
TWN,45T47,1.0386228705675558,1.0828925950045902,1.1659206654663914
TWN,49,0.6372392170353975,1.227501570644362,1.1659206654663914
TWN,50,0.3369368755705765,1.482837496667573,1.1659206654663914
TWN,51,0.36919911195203753,1.3606751286445877,1.1659206654663914
TWN,52,0.8715017876147862,1.1262056554959832,1.1659206654663914
TWN,53,1.0311723275725146,1.2010912148210666,1.1659206654663914
TWN,55T56,1.1247589472791086,1.1613235753921929,1.1659206654663914
TWN,58T60,1.0259139984293646,1.1448418847772046,1.1659206654663914
TWN,61,1.119443906091589,1.0914601341710866,1.1659206654663914
TWN,62T63,1.0543923404830235,1.0683854184394854,1.1659206654663914
TWN,64T66,1.1139751856853568,1.03786125882353,1.1659206654663914
TWN,68,1.13536520057499,1.0499037752678186,1.1659206654663914
TWN,69T75,1.050831823968836,1.1146377342297447,1.1659206654663914
TWN,77T82,1.0087440725816326,1.0843040044840777,1.1659206654663914
TWN,84,1.1449560259629867,1.068330661559737,1.1659206654663914
TWN,85,1.1569950517374585,1.0666492420673495,1.1659206654663914
TWN,86T88,1.1390945348505908,1.121127613773312,1.1659206654663914
TWN,90T93,1.1128256614734302,1.1028260651181685,1.1659206654663914
TWN,94T98,1.1455316693881203,1.0929589926072703,1.1659206654663914
USA,01T02,0.577186596885421,1.430129996397508,1.1981881729241801
USA,03,1.2090073530113878,1.127258044621536,1.1981881729241801
USA,05T06,0.5387175996201223,1.232509080878111,1.1981881729241801
USA,07T08,0.914587673676873,1.2401186259275787,1.1981881729241801
USA,10T12,1.0828414944558205,1.4810834309749363,1.1981881729241801
USA,13T15,0.9863387847767903,1.2477127207623686,1.1981881729241801
USA,16,1.1617219355606672,1.3364835566518325,1.1981881729241801
USA,17T18,1.0235892343705788,1.2709748529432483,1.1981881729241801
USA,19,0.9436614520990536,1.514008108643001,1.1981881729241801
USA,20,0.8550417051973482,1.307435736154324,1.1981881729241801
USA,21,0.9904848573617997,1.1685578416636497,1.1981881729241801
USA,22,1.191711001162922,1.2975123079982267,1.1981881729241801
USA,23,0.8117377310793131,1.297990136986498,1.1981881729241801
USA,24,1.4047196322222124,1.380530785577709,1.1981881729241801
USA,25,1.1874093627739422,1.270201715132851,1.1981881729241801
USA,26,1.2167577775555212,1.123633253305778,1.1981881729241801
USA,27,1.2666703184124712,1.2219244141749126,1.1981881729241801
USA,28,1.1488521760908847,1.216548095880465,1.1981881729241801
USA,29T30,1.1835523974724662,1.2136630341997094,1.1981881729241801
USA,31T33,1.3769245283738325,1.1896808791082985,1.1981881729241801
USA,35,0.27596516979619135,1.2500349509905524,1.1981881729241801
USA,36T39,1.0874730371966033,1.1575292260285897,1.1981881729241801
USA,41T43,1.1248925349343146,1.2130113868062027,1.1981881729241801
USA,45T47,1.0980650873174747,1.1569918867999354,1.1981881729241801
USA,49,0.8640712261552396,1.1836736287976664,1.1981881729241801
USA,50,0.721073569790928,1.1977605395117776,1.1981881729241801
USA,51,0.6537005498002078,1.16867817416938,1.1981881729241801
USA,52,0.959294456634599,1.2156267989571177,1.1981881729241801
USA,53,0.8584599035417801,1.1861864770804018,1.1981881729241801
USA,55T56,1.156334553595999,1.1822943828325356,1.1981881729241801
USA,58T60,1.1540237840625505,1.1271900042622998,1.1981881729241801
USA,61,1.1383080152751728,1.1388417712221124,1.1981881729241801
USA,62T63,1.0966106210346194,1.1239357830250543,1.1981881729241801
USA,64T66,1.1046570575987236,1.1238382448143052,1.1981881729241801
USA,68,1.1550665541883864,1.1568298575463734,1.1981881729241801
USA,69T75,1.104685613316402,1.1322442611333408,1.1981881729241801
USA,77T82,1.076661087655578,1.137675840467566,1.1981881729241801
USA,84,1.120852082348293,1.16534175998953,1.1981881729241801
USA,85,1.1297656271040823,1.147137082097534,1.1981881729241801
USA,86T88,1.1858591128603513,1.1387786851233566,1.1981881729241801
USA,90T93,1.159234720715822,1.1458871474222199,1.1981881729241801
USA,94T98,1.170678581435591,1.1414538234805431,1.1981881729241801
VNM,01T02,0.48067714250660576,1.380793734802832,1.1303594948937843
VNM,03,0.8304398423932844,1.348589988794527,1.1303594948937843
VNM,05T06,0.43769101260440924,1.1882630804840144,1.1303594948937843
VNM,07T08,0.016535451611860506,1.41972805874144,1.1303594948937843
VNM,10T12,0.8031106612148206,1.7065784005824025,1.1303594948937843
VNM,13T15,1.0237165880448535,1.2072207850601089,1.1303594948937843
VNM,16,0.4548472889980284,1.8741558313986009,1.1303594948937843
VNM,17T18,0.6190791390695638,1.3964491470980918,1.1303594948937843
VNM,19,0.3287743592628946,1.575715931266025,1.1303594948937843
VNM,20,0.6483103018850911,1.5163052617903798,1.1303594948937843
VNM,21,0.9135476546629779,1.2130171881437724,1.1303594948937843
VNM,22,1.0728922927360809,1.4537947246927216,1.1303594948937843
VNM,23,0.1288344093784355,1.7636560431315562,1.1303594948937843
VNM,24,0.19697536043702132,1.8041211719259416,1.1303594948937843
VNM,25,0.4933697486798341,1.6817683081631023,1.1303594948937843
VNM,26,1.1029590182871063,1.1940361647784932,1.1303594948937843
VNM,27,0.9433175939070065,1.4137589669673638,1.1303594948937843
VNM,28,1.1094273893201143,1.2446614039224726,1.1303594948937843
VNM,29T30,1.058222895321333,1.266239502879486,1.1303594948937843
VNM,31T33,0.7117206244639736,1.4362408109177793,1.1303594948937843
VNM,35,0.07450737662920806,1.2001981601182459,1.1303594948937843
VNM,36T39,0.888383390384419,1.1612691674598319,1.1303594948937843
VNM,41T43,1.0138262352131806,1.6890431286444807,1.1303594948937843
VNM,45T47,0.8851202055486811,1.0570615931187262,1.1303594948937843
VNM,49,0.36784324456312006,1.3242285941640979,1.1303594948937843
VNM,50,0.12752129709300666,1.3675350480521142,1.1303594948937843
VNM,51,0.29970373454415944,1.3658748817611883,1.1303594948937843
VNM,52,0.8133355743112377,1.0622228582127002,1.1303594948937843
VNM,53,0.7746795834546619,1.1456551739109364,1.1303594948937843
VNM,55T56,0.9415334729168581,1.3090746611453947,1.1303594948937843
VNM,58T60,0.9715762516368667,1.1302858088263457,1.1303594948937843
VNM,61,1.0188939784229178,1.1221462209009647,1.1303594948937843
VNM,62T63,1.244955788792323,0.9406676145007208,1.1303594948937843
VNM,64T66,0.9371068616118081,0.9450046522275672,1.1303594948937843
VNM,68,1.0536357154693474,1.0696803458694062,1.1303594948937843
VNM,69T75,0.9397441715735282,1.038622041427562,1.1303594948937843
VNM,77T82,0.9445513798894467,1.0580839698304156,1.1303594948937843
VNM,84,1.0699788417674505,1.0623506144207686,1.1303594948937843
VNM,85,1.0866520728423612,0.9832032284385525,1.1303594948937843
VNM,86T88,1.1104771956527417,1.1011463340226353,1.1303594948937843
VNM,90T93,1.1412942893590647,1.0201670590242977,1.1303594948937843
VNM,94T98,1.0807208950337277,1.1233384014215686,1.1303594948937843
ZAF,01T02,0.4027520699439915,1.2253048568890599,0.9495200950699009
ZAF,03,0.8947172362193245,0.9529731515094957,0.9495200950699009
ZAF,05T06,0.39314350294923844,1.1165227898848553,0.9495200950699009
ZAF,07T08,0.17201436801917197,1.231460342594572,0.9495200950699009
ZAF,10T12,1.053188333641995,1.3567902343944174,0.9495200950699009
ZAF,13T15,1.0864905826422728,1.1553249942888104,0.9495200950699009
ZAF,16,1.046539343609589,1.2182240032837468,0.9495200950699009
ZAF,17T18,1.076188497755504,1.0812485433724572,0.9495200950699009
ZAF,19,0.31499676832497014,1.242695636500495,0.9495200950699009
ZAF,20,0.5687651377419326,1.341613816806018,0.9495200950699009
ZAF,21,0.7573611382001867,1.1637029052516585,0.9495200950699009
ZAF,22,0.169395022851591,1.2434768708418666,0.9495200950699009
ZAF,23,0.17971998080201174,1.3817872512431397,0.9495200950699009
ZAF,24,0.0003862236374438932,1.7508152346234604,0.9495200950699009
ZAF,25,0.6633288868618435,1.4501634715590292,0.9495200950699009
ZAF,26,1.0430140800971623,1.1098806267730423,0.9495200950699009
ZAF,27,0.8143709412669521,1.2948984797062146,0.9495200950699009
ZAF,28,0.9927265437077727,1.180178779359672,0.9495200950699009
ZAF,29T30,0.9910781685234733,1.2345708262213653,0.9495200950699009
ZAF,31T33,0.02706451687323632,1.2869295981482602,0.9495200950699009
ZAF,35,0.0502321029577786,1.279722800092524,0.9495200950699009
ZAF,36T39,0.8457608593347197,0.9346421256946723,0.9495200950699009
ZAF,41T43,0.8008085396930728,1.20300716261392,0.9495200950699009
ZAF,45T47,0.8193376058848699,0.9047521968235855,0.9495200950699009
ZAF,49,0.7070666637753887,0.9867775691162384,0.9495200950699009
ZAF,50,0.0145971901388396,0.9852209200244264,0.9495200950699009
ZAF,51,0.49191501288131145,1.1056635384928553,0.9495200950699009
ZAF,52,0.5365930496402509,1.063169414165996,0.9495200950699009
ZAF,53,0.8549367460422344,0.9573772792308058,0.9495200950699009
ZAF,55T56,1.0792213963338386,0.9481359392092134,0.9495200950699009
ZAF,58T60,0.9397841840443428,0.9596979904925159,0.9495200950699009
ZAF,61,0.9106896738106939,0.9751248914303282,0.9495200950699009
ZAF,62T63,0.791677833516318,0.9781729551094335,0.9495200950699009
ZAF,64T66,0.8868553269286377,0.8327474897479108,0.9495200950699009
ZAF,68,0.8745868227282427,0.8863859514769001,0.9495200950699009
ZAF,69T75,0.822800917825989,0.9291067602490238,0.9495200950699009
ZAF,77T82,0.78379378880445,0.9637950404270686,0.9495200950699009
ZAF,84,0.8934126917371508,0.8763196711164472,0.9495200950699009
ZAF,85,0.9355079909896236,0.8281575938641345,0.9495200950699009
ZAF,86T88,0.9045279847427122,0.8891901153728973,0.9495200950699009
ZAF,90T93,0.7997024765569277,0.9332645912619659,0.9495200950699009
ZAF,94T98,0.923709105320457,0.7913277676376077,0.9495200950699009
