country,sector,output_hat,price_hat,spending_hat
ARG,01T02,0.1451394243130047,1.4619671398129028,1.1123445318927638
ARG,03,0.9857307787746371,1.0238464729633359,1.1123445318927638
ARG,05T06,0.27270908727561616,1.1893095248216887,1.1123445318927638
ARG,07T08,1.0451195479915762,1.046611877073461,1.1123445318927638
ARG,10T12,0.9093065269922265,1.9877761621507044,1.1123445318927638
ARG,13T15,0.6577425698544458,1.251241897672444,1.1123445318927638
ARG,16,1.1724978331265874,1.1818607605225628,1.1123445318927638
ARG,17T18,1.1579506702397024,1.1266048872317205,1.1123445318927638
ARG,19,0.6238909055352055,1.9008306084137987,1.1123445318927638
ARG,20,0.9523590764233228,1.262816882395402,1.1123445318927638
ARG,21,1.1664305112979945,1.098302577667236,1.1123445318927638
ARG,22,0.6763905945877109,1.2446072224334077,1.1123445318927638
ARG,23,0.4840954305519088,1.206329350409881,1.1123445318927638
ARG,24,0.5803033070698619,1.3818590772115131,1.1123445318927638
ARG,25,1.2139215701215562,1.234321469513515,1.1123445318927638
ARG,26,1.128828833168685,1.2012965504699913,1.1123445318927638
ARG,27,1.1571887830140244,1.2829792527164283,1.1123445318927638
ARG,28,1.1645259904578735,1.174718470399366,1.1123445318927638
ARG,29T30,1.0202297506393705,1.2519043388648425,1.1123445318927638
ARG,31T33,0.8478001625717898,1.109363264089297,1.1123445318927638
ARG,35,0.36672854583878384,1.49404958570145,1.1123445318927638
ARG,36T39,0.991724073176371,1.0647776108820473,1.1123445318927638
ARG,41T43,1.0718759948749774,1.1370865400387964,1.1123445318927638
ARG,45T47,1.035069451902634,0.991132652436049,1.1123445318927638
ARG,49,0.7627199273246399,1.0922594065816782,1.1123445318927638
ARG,50,0.44800329066138783,1.1013277810043536,1.1123445318927638
ARG,51,0.4334644651647111,1.3051645198748263,1.1123445318927638
ARG,52,0.870978423006783,1.1344469957060745,1.1123445318927638
ARG,53,1.115963492085837,1.047109255106472,1.1123445318927638
ARG,55T56,1.1005853544719768,1.1932058251982562,1.1123445318927638
ARG,58T60,1.1324193322018195,1.0338243394099498,1.1123445318927638
ARG,61,1.1017764153810858,1.0158703249367134,1.1123445318927638
ARG,62T63,1.1668056510340974,1.018863950137943,1.1123445318927638
ARG,64T66,1.0522923053642994,0.984312575886824,1.1123445318927638
ARG,68,1.1156379467119235,0.9508936292564496,1.1123445318927638
ARG,69T75,1.089623523549805,1.005285533305525,1.1123445318927638
ARG,77T82,1.011902742283881,0.9820614514038245,1.1123445318927638
ARG,84,1.0770399236397208,1.0038360835860483,1.1123445318927638
ARG,85,1.099876301036513,0.9777695876087399,1.1123445318927638
ARG,86T88,1.0969048422583725,0.9883009083880543,1.1123445318927638
ARG,90T93,1.1160129131300225,1.03391374000783,1.1123445318927638
ARG,94T98,1.0974641748803582,1.0130448758862418,1.1123445318927638
AUS,01T02,0.18958892945692912,1.3420517481244048,1.0531012136550575
AUS,03,0.7807627713383897,1.3697619378974597,1.0531012136550575
AUS,05T06,0.45685965056484285,1.0631357178321992,1.0531012136550575
AUS,07T08,0.8990854205056646,1.1097312398547972,1.0531012136550575
AUS,10T12,0.8580805219909724,1.7215931918105363,1.0531012136550575
AUS,13T15,0.525640336004323,1.4202687939224272,1.0531012136550575
AUS,16,1.0735538211042386,1.3486650394694077,1.0531012136550575
AUS,17T18,1.0495441731624908,1.1791182671085523,1.0531012136550575
AUS,19,0.20396227157819397,1.2983535065878473,1.0531012136550575
AUS,20,0.41078605846880667,1.305492039799158,1.0531012136550575
AUS,21,0.87035772666692,1.184268666723756,1.0531012136550575
AUS,22,1.311165117707534,1.2770836946669981,1.0531012136550575
AUS,23,0.7328956092142033,1.2211012032904747,1.0531012136550575
AUS,24,1.4122507783644376,1.366077987590333,1.0531012136550575
AUS,25,1.098131380332533,1.2850868202839192,1.0531012136550575
AUS,26,1.2196113966229436,1.079870537091374,1.0531012136550575
AUS,27,1.3689194235808646,1.1614240537566098,1.0531012136550575
AUS,28,1.1810437057761913,1.1467917290074232,1.0531012136550575
AUS,29T30,1.1818976510766452,1.178100825490911,1.0531012136550575
AUS,31T33,1.23564234447326,1.119856954530562,1.0531012136550575
AUS,35,0.19474571351679917,1.7771758846873933,1.0531012136550575
AUS,36T39,0.9419695282417943,1.0523009888586652,1.0531012136550575
AUS,41T43,0.9903668700876419,1.1417151316388567,1.0531012136550575
AUS,45T47,0.980779889606703,1.073641974989147,1.0531012136550575
AUS,49,0.6723714198515296,1.1320529917145994,1.0531012136550575
AUS,50,0.8352342661938907,1.1335989856913378,1.0531012136550575
AUS,51,0.6186920810386336,1.1473672063339806,1.0531012136550575
AUS,52,0.9691431865581317,1.0394066380253741,1.0531012136550575
AUS,53,0.8953911884901404,1.1207612718733997,1.0531012136550575
AUS,55T56,1.0817930814637449,1.1320838663869766,1.0531012136550575
AUS,58T60,1.0980125734245711,1.0406102559788708,1.0531012136550575
AUS,61,0.9962194594921611,1.0457366273904394,1.0531012136550575
AUS,62T63,1.0186942622229656,0.9970412400695217,1.0531012136550575
AUS,64T66,0.9727828556545665,0.9687970263472213,1.0531012136550575
AUS,68,1.0375309681703129,0.969228993183865,1.0531012136550575
AUS,69T75,0.9795063195193505,1.0064967647029017,1.0531012136550575
AUS,77T82,0.9766593491455069,1.022064093441041,1.0531012136550575
AUS,84,1.028097903065015,1.0452795968267297,1.0531012136550575
AUS,85,1.0510105897752133,0.9925762524897582,1.0531012136550575
AUS,86T88,1.0483492171675266,0.9986338729901764,1.0531012136550575
AUS,90T93,1.0556551485461572,1.0060981163873113,1.0531012136550575
AUS,94T98,1.0385273698184991,0.9993034351227835,1.0531012136550575
AUT,01T02,0.8676348951853075,1.4108389810332298,1.3159786259517596
AUT,03,1.287977827666656,1.3124540817683592,1.3159786259517596
AUT,05T06,0.2514291637689585,1.3407586588372231,1.3159786259517596
AUT,07T08,0.7500910564930376,1.3812135410761734,1.3159786259517596
AUT,10T12,1.3834146788778123,1.4123943486254253,1.3159786259517596
AUT,13T15,1.099987051104633,1.276890219515252,1.3159786259517596
AUT,16,1.177118858847607,1.4360422131153985,1.3159786259517596
AUT,17T18,0.7620688106789323,1.3770517917220082,1.3159786259517596
AUT,19,1.0398721404269373,1.634914008504034,1.3159786259517596
AUT,20,1.0896162828360896,1.443042930096405,1.3159786259517596
AUT,21,1.1407122488754036,1.2723082673789274,1.3159786259517596
AUT,22,1.518033248389691,1.341673223430557,1.3159786259517596
AUT,23,1.0561533388015103,1.3759571213558173,1.3159786259517596
AUT,24,0.8873091135928856,1.5239630941361793,1.3159786259517596
AUT,25,1.1889062042516172,1.3713030117857423,1.3159786259517596
AUT,26,1.1734555364981767,1.2600040593126014,1.3159786259517596
AUT,27,1.2595151417667922,1.305546324425615,1.3159786259517596
AUT,28,1.1964788948414327,1.2897195366315273,1.3159786259517596
AUT,29T30,1.1686470103302335,1.2950696122420187,1.3159786259517596
AUT,31T33,1.2713556305369302,1.3314497654036752,1.3159786259517596
AUT,35,1.1972429955252621,1.6155237565566527,1.3159786259517596
AUT,36T39,1.121574960435616,1.263747883188395,1.3159786259517596
AUT,41T43,1.2415711036304706,1.3040526982661627,1.3159786259517596
AUT,45T47,1.1437747517841101,1.2306653270869492,1.3159786259517596
AUT,49,0.9809164528574197,1.2641652062800264,1.3159786259517596
AUT,50,1.053840376520968,1.3054161100154984,1.3159786259517596
AUT,51,0.8271418729215974,1.276971112573375,1.3159786259517596
AUT,52,1.1549053755624894,1.2296856519451478,1.3159786259517596
AUT,53,1.2042037065529763,1.2247889709697428,1.3159786259517596
AUT,55T56,1.2599704672282621,1.2478508312302363,1.3159786259517596
AUT,58T60,1.0725012000402894,1.2483475330507094,1.3159786259517596
AUT,61,1.1419990098149957,1.216861761309633,1.3159786259517596
AUT,62T63,1.0289718804831949,1.1971645006471079,1.3159786259517596
AUT,64T66,1.1339818974752416,1.2051308338793063,1.3159786259517596
AUT,68,1.2628166621090697,1.2192087946270111,1.3159786259517596
AUT,69T75,1.1047808763951454,1.220414302921473,1.3159786259517596
AUT,77T82,1.1720455887725374,1.2205741735874907,1.3159786259517596
AUT,84,1.2794426261242011,1.2236076260411173,1.3159786259517596
AUT,85,1.2771494488463124,1.2136387739254266,1.3159786259517596
AUT,86T88,1.2825782157054375,1.232674185824329,1.3159786259517596
AUT,90T93,1.2428588064373203,1.2289432693785682,1.3159786259517596
AUT,94T98,1.2633009655112852,1.2272412793994334,1.3159786259517596
BEL,01T02,0.5264349727797466,1.429618786319587,1.2901999237366497
BEL,03,1.1460102434775168,1.2948170219651292,1.2901999237366497
BEL,05T06,0.00016928149289238123,1.5006580933053701,1.2901999237366497
BEL,07T08,0.9555978749896283,1.2843651811690353,1.2901999237366497
BEL,10T12,1.143772059428858,1.4777308625521304,1.2901999237366497
BEL,13T15,0.9287586007327993,1.2958858519251817,1.2901999237366497
BEL,16,1.3626543242031892,1.3715932783012046,1.2901999237366497
BEL,17T18,1.0902440589222144,1.334159645776106,1.2901999237366497
BEL,19,1.0463545283290292,1.563375398747588,1.2901999237366497
BEL,20,0.7659741544626698,1.3821070533297097,1.2901999237366497
BEL,21,1.0981885403993121,1.2349157023841526,1.2901999237366497
BEL,22,1.3193377307984326,1.4064368338781346,1.2901999237366497
BEL,23,0.7965420808491451,1.3432394175705766,1.2901999237366497
BEL,24,2.199424414490942,1.5146021449017582,1.2901999237366497
BEL,25,1.2463465475891042,1.3545664250863796,1.2901999237366497
BEL,26,1.1719437420984213,1.258387349095875,1.2901999237366497
BEL,27,1.1910880600601055,1.3432976354302697,1.2901999237366497
BEL,28,1.1778305453097913,1.297642693053093,1.2901999237366497
BEL,29T30,1.21888913709767,1.2744378595365464,1.2901999237366497
BEL,31T33,1.4466199780990086,1.2598587806783912,1.2901999237366497
BEL,35,0.6657143129130342,1.3807369218571963,1.2901999237366497
BEL,36T39,1.4034443390003546,1.2611298957144004,1.2901999237366497
BEL,41T43,1.2351491990299939,1.297611113979661,1.2901999237366497
BEL,45T47,1.1270417707059106,1.2173749564792977,1.2901999237366497
BEL,49,1.1385219944510097,1.2537684932534336,1.2901999237366497
BEL,50,0.10992934507654797,1.3981457126239143,1.2901999237366497
BEL,51,0.8468062142166545,1.373984136215476,1.2901999237366497
BEL,52,1.0131311656979547,1.2587121860627406,1.2901999237366497
BEL,53,1.0514507175650787,1.2609440532268994,1.2901999237366497
BEL,55T56,1.1993398313237251,1.2783306132759127,1.2901999237366497
BEL,58T60,1.0534985363140448,1.209367764378889,1.2901999237366497
BEL,61,1.1114471796463985,1.187150099330056,1.2901999237366497
BEL,62T63,1.0615171512767214,1.1992401051347745,1.2901999237366497
BEL,64T66,1.1157183211247894,1.1517767643254406,1.2901999237366497
BEL,68,1.2350045226602293,1.1800798244246768,1.2901999237366497
BEL,69T75,1.0887879748533253,1.1938258078396569,1.2901999237366497
BEL,77T82,1.091074389796824,1.2281676124602223,1.2901999237366497
BEL,84,1.2602393519121526,1.1858735018559092,1.2901999237366497
BEL,85,1.2676295820478538,1.1746241947106435,1.2901999237366497
BEL,86T88,1.2665310022210192,1.2120608878181403,1.2901999237366497
BEL,90T93,1.2158128395557928,1.2208874466224344,1.2901999237366497
BEL,94T98,1.2283329623875752,1.2125403791671256,1.2901999237366497
BGR,01T02,0.15226441056570786,1.4274885826835866,1.32712704896551
BGR,03,1.024798348939847,1.5196504703921143,1.32712704896551
BGR,05T06,0.4433264981126455,1.5436446782979338,1.32712704896551
BGR,07T08,0.7617964294159891,1.363756127322124,1.32712704896551
BGR,10T12,1.1156792100612756,1.5255357256753108,1.32712704896551
BGR,13T15,1.1924051188029783,1.243022473230744,1.32712704896551
BGR,16,0.7464382015244763,1.6159634568516719,1.32712704896551
BGR,17T18,0.8991647956707948,1.3761556774690142,1.32712704896551
BGR,19,0.5306025640601295,1.5557686025944386,1.32712704896551
BGR,20,0.03814960836630614,1.5678122063059032,1.32712704896551
BGR,21,0.08143532948210967,1.4670294290749437,1.32712704896551
BGR,22,1.552270831218525,1.3611816536367025,1.32712704896551
BGR,23,0.1635715247123704,1.5961721727088702,1.32712704896551
BGR,24,3.3634376152853975,1.6674080228301056,1.32712704896551
BGR,25,1.2043360217229488,1.3633901141194869,1.32712704896551
BGR,26,1.1655631877553168,1.2604387830728179,1.32712704896551
BGR,27,1.1423480901156893,1.3685927021712672,1.32712704896551
BGR,28,1.0852345347332715,1.3500775272713985,1.32712704896551
BGR,29T30,1.1381857938554447,1.3075403158886338,1.32712704896551
BGR,31T33,1.636368006735261,1.2553190261103717,1.32712704896551
BGR,35,0.1658764686764651,1.3777556932989594,1.32712704896551
BGR,36T39,1.1967160824153251,1.4301413223058794,1.32712704896551
BGR,41T43,1.1958777723769802,1.4034491751676683,1.32712704896551
BGR,45T47,1.0154290436476383,1.2095518020727154,1.32712704896551
BGR,49,0.5116865866835262,1.3231690887709,1.32712704896551
BGR,50,0.3483034983346975,1.3409704021656195,1.32712704896551
BGR,51,1.4569739078083943,1.342838822122253,1.32712704896551
BGR,52,0.969848300659607,1.263322784171823,1.32712704896551
BGR,53,1.07970126673772,1.1837495241333096,1.32712704896551
BGR,55T56,1.1410312349131762,1.2560140122558892,1.32712704896551
BGR,58T60,1.233124557977855,1.129064993560183,1.32712704896551
BGR,61,1.1880250503711849,1.1818061259911603,1.32712704896551
BGR,62T63,1.1523645176156325,1.1192016126993503,1.32712704896551
BGR,64T66,1.105049903389268,1.1076781061908991,1.32712704896551
BGR,68,1.2562769871850508,1.1487537629197082,1.32712704896551
BGR,69T75,1.1357434327954352,1.1367857317364656,1.32712704896551
BGR,77T82,1.1451232108261942,1.1841734721865866,1.32712704896551
BGR,84,1.303667740883699,1.1493750057322123,1.32712704896551
BGR,85,1.2938949764798453,1.0853860289935264,1.32712704896551
BGR,86T88,1.2889386185113736,1.174849841481334,1.32712704896551
BGR,90T93,1.2312140024439218,1.1662053093011928,1.32712704896551
BGR,94T98,1.2076256254829782,1.2199475477420771,1.32712704896551
BRA,01T02,0.026825009102119147,1.213949288626844,1.0245431544996857
BRA,03,1.021050879010723,0.9454744329659668,1.0245431544996857
BRA,05T06,0.31204077339932423,1.1242999857591482,1.0245431544996857
BRA,07T08,0.6803554784543413,1.062528589317686,1.0245431544996857
BRA,10T12,0.8349482399899674,1.9357958214707338,1.0245431544996857
BRA,13T15,1.1190539057668916,1.1293338869559055,1.0245431544996857
BRA,16,1.2450141242591086,1.2706657414065183,1.0245431544996857
BRA,17T18,0.8970507753410657,1.2294203700405006,1.0245431544996857
BRA,19,0.5933275018313475,1.5647844439457104,1.0245431544996857
BRA,20,0.6010798304724789,1.4654293046001872,1.0245431544996857
BRA,21,0.9982082479408201,1.0333157173829584,1.0245431544996857
BRA,22,0.9768272792620648,1.2656675932927974,1.0245431544996857
BRA,23,0.29122178198255644,1.2449521741350538,1.0245431544996857
BRA,24,0.2205274079817005,1.3224406046727128,1.0245431544996857
BRA,25,0.9950722803616144,1.2934492057107614,1.0245431544996857
BRA,26,1.1310133136301246,1.0613669242103516,1.0245431544996857
BRA,27,1.1001491899224887,1.210907603966716,1.0245431544996857
BRA,28,1.107518162726129,1.1397752350197436,1.0245431544996857
BRA,29T30,1.1515231753000033,1.1630648638106835,1.0245431544996857
BRA,31T33,1.0050979594967147,1.0978151968636098,1.0245431544996857
BRA,35,0.574643278198583,1.1607490701739602,1.0245431544996857
BRA,36T39,0.9164367634361997,1.0065259381168132,1.0245431544996857
BRA,41T43,0.9961493939320321,1.1701611168507988,1.0245431544996857
BRA,45T47,0.9759401196880442,0.9852110494669364,1.0245431544996857
BRA,49,0.6559829466698976,1.1345692487024892,1.0245431544996857
BRA,50,0.31816992559998875,1.1194486586407904,1.0245431544996857
BRA,51,0.4561187545586212,1.1749818688601938,1.0245431544996857
BRA,52,1.02029993688699,0.9900220438320421,1.0245431544996857
BRA,53,0.9733861105711995,0.9826133124480846,1.0245431544996857
BRA,55T56,1.0312429897041262,1.1326879429150487,1.0245431544996857
BRA,58T60,1.137389543606283,1.0368059074653009,1.0245431544996857
BRA,61,1.0335687440392718,0.962536849206885,1.0245431544996857
BRA,62T63,1.1287386073069534,0.9423435349461985,1.0245431544996857
BRA,64T66,0.9888457607433623,0.93449290081527,1.0245431544996857
BRA,68,1.026136054542013,0.9183398852616105,1.0245431544996857
BRA,69T75,1.0563358195856798,0.9521123171229101,1.0245431544996857
BRA,77T82,1.0039066000460457,0.9723937265311333,1.0245431544996857
BRA,84,1.0194917983622693,0.9426416882497092,1.0245431544996857
BRA,85,1.0221822389780073,0.9368708627546251,1.0245431544996857
BRA,86T88,1.0235920183208684,0.9689644626028671,1.0245431544996857
BRA,90T93,1.067478120764526,0.9767803718100585,1.0245431544996857
BRA,94T98,1.0107610448468107,1.0297415833096784,1.0245431544996857
BRN,01T02,0.08337156973409084,1.0641478539973461,0.9157456765025114
BRN,03,1.0817151360901154,0.9871001746654567,0.9157456765025114
BRN,05T06,0.48189977374559273,0.8788256598456411,0.9157456765025114
BRN,07T08,5.8554597661492,0.778086313655031,0.9157456765025114
BRN,10T12,1.641311732819224,1.2149128365132666,0.9157456765025114
BRN,13T15,1.1124116132958843,1.1394534233700047,0.9157456765025114
BRN,16,1.2766506920948408,1.072652130417005,0.9157456765025114
BRN,17T18,0.7203866514963406,1.1066625053190293,0.9157456765025114
BRN,19,0.7143714750119501,1.075334682891721,0.9157456765025114
BRN,20,2.6383638667480662,1.2284882477568244,0.9157456765025114
BRN,21,1.3471385428489133,1.1585432543752414,0.9157456765025114
BRN,22,0.002348886598688227,1.3057221519899334,0.9157456765025114
BRN,23,0.5481851846181589,1.1082883430057846,0.9157456765025114
BRN,24,27.12639073697709,0.9591053439530749,0.9157456765025114
BRN,25,0.4401593755506071,1.2422471176300232,0.9157456765025114
BRN,26,0.5835999779559826,1.163171270977814,0.9157456765025114
BRN,27,1.2971328687909038,1.0723601640148352,0.9157456765025114
BRN,28,0.8235646309060608,1.120884410583788,0.9157456765025114
BRN,29T30,1.0065373347692717,1.0731062425988287,0.9157456765025114
BRN,31T33,0.0005027757857230278,1.3102550095172287,0.9157456765025114
BRN,35,0.052350160018207983,1.067304179724634,0.9157456765025114
BRN,36T39,0.8466190255471711,0.8823741275775379,0.9157456765025114
BRN,41T43,0.8217534720673059,1.1867705922911065,0.9157456765025114
BRN,45T47,0.837690446850878,0.9644817805571351,0.9157456765025114
BRN,49,0.5362303818413352,1.0058034168590244,0.9157456765025114
BRN,50,0.2556975553283054,1.0082714056032929,0.9157456765025114
BRN,51,0.5188871188409051,0.9054932067800883,0.9157456765025114
BRN,52,1.1307063166023232,0.9729921899160033,0.9157456765025114
BRN,53,1.1899091513954212,1.0695556226192133,0.9157456765025114
BRN,55T56,0.9813205183648338,1.1506966856321672,0.9157456765025114
BRN,58T60,1.2913250311509386,0.8680877628326803,0.9157456765025114
BRN,61,0.8025223963858616,0.974309492557344,0.9157456765025114
BRN,62T63,0.9416456610665916,0.9812160022695814,0.9157456765025114
BRN,64T66,0.8757826419549455,0.8188330627072887,0.9157456765025114
BRN,68,1.0521568628613847,0.7782258948741879,0.9157456765025114
BRN,69T75,0.807234219107818,0.9600173173039231,0.9157456765025114
BRN,77T82,0.685565433794355,1.1145952695736099,0.9157456765025114
BRN,84,0.8459866708645427,0.9644468505110909,0.9157456765025114
BRN,85,0.8835862702685697,0.9068882010915761,0.9157456765025114
BRN,86T88,0.858914878573038,0.9931520778907278,0.9157456765025114
BRN,90T93,0.7027030760356661,1.3579965544692592,0.9157456765025114
BRN,94T98,1.1438009101779798,0.8629786658059043,0.9157456765025114
CAN,01T02,0.10868807060480233,1.4697944967201069,1.106734036826307
CAN,03,0.948908561396078,1.1686468429496986,1.106734036826307
CAN,05T06,0.3007628736061217,1.1506173996565296,1.106734036826307
CAN,07T08,0.8519021684822922,1.1417535027365582,1.106734036826307
CAN,10T12,0.960430717725498,1.6071143207014054,1.106734036826307
CAN,13T15,1.4373645572543239,1.1574732125102798,1.106734036826307
CAN,16,0.48126733921347653,1.7864982366506144,1.106734036826307
CAN,17T18,0.7489928519310223,1.3232388996774616,1.106734036826307
CAN,19,0.22979370946201386,1.6689305568927653,1.106734036826307
CAN,20,0.45066139972159597,1.3358806178369484,1.106734036826307
CAN,21,0.9615258806002094,1.167215995022374,1.106734036826307
CAN,22,0.8470239335811941,1.2863067932581858,1.106734036826307
CAN,23,0.623239128431067,1.3417670119818759,1.106734036826307
CAN,24,1.1535059154373304,1.4659218950077197,1.106734036826307
CAN,25,1.359463333967867,1.248769747158334,1.106734036826307
CAN,26,1.2572388550279618,1.1061246463514376,1.106734036826307
CAN,27,1.276518882403714,1.2502125868645977,1.106734036826307
CAN,28,1.2212245646972837,1.1815456708364633,1.106734036826307
CAN,29T30,1.2741505274383509,1.1962110702558708,1.106734036826307
CAN,31T33,0.9665730870039622,1.174980120954911,1.106734036826307
CAN,35,0.5715313016733979,1.0560838330172686,1.106734036826307
CAN,36T39,0.949476443288421,1.0750869172577948,1.106734036826307
CAN,41T43,1.0152934436788714,1.1960357767381986,1.106734036826307
CAN,45T47,1.0651139136259373,1.043391680787073,1.106734036826307
CAN,49,0.5440390408503644,1.1568324722344232,1.106734036826307
CAN,50,0.25273254588714444,1.3643427164703885,1.106734036826307
CAN,51,0.24747238000570407,1.1870702213103783,1.106734036826307
CAN,52,0.8700108469974694,1.127662053947446,1.106734036826307
CAN,53,0.993757897736116,1.1292494676194254,1.106734036826307
CAN,55T56,1.082962710636071,1.1634832157535273,1.106734036826307
CAN,58T60,1.128335249287034,1.0783438329885615,1.106734036826307
CAN,61,1.0445913270374152,1.0402324006696253,1.106734036826307
CAN,62T63,1.0629274050728117,1.03322619234453,1.106734036826307
CAN,64T66,1.020627286606434,1.03513558657075,1.106734036826307
CAN,68,1.0732864961570212,1.0109549911664923,1.106734036826307
CAN,69T75,0.9967642161530464,1.0458359836303903,1.106734036826307
CAN,77T82,0.9658399442653998,1.0591954102808394,1.106734036826307
CAN,84,1.0672931965067294,1.0582165956605964,1.106734036826307
CAN,85,1.077698791024704,1.0279251470268305,1.106734036826307
CAN,86T88,1.0664959519062722,1.039897973965674,1.106734036826307
CAN,90T93,1.0786752223809237,1.0840148864226475,1.106734036826307
CAN,94T98,1.0462498954065014,1.0747030603999401,1.106734036826307
CHE,01T02,1.1696952674271646,1.4219437739328997,1.3670192031367805
CHE,03,1.1969890343781684,1.252594410909966,1.3670192031367805
CHE,05T06,0.8454329716993053,1.3615773916327352,1.3670192031367805
CHE,07T08,1.8864531590496068,1.3485515585503354,1.3670192031367805
CHE,10T12,1.3588493719039982,1.4392852635451572,1.3670192031367805
CHE,13T15,1.0478978871792775,1.29041502146015,1.3670192031367805
CHE,16,1.5649725174899576,1.3354072319428818,1.3670192031367805
CHE,17T18,1.2100269144457194,1.3241697469475977,1.3670192031367805
CHE,19,1.4622406797282426,1.4736024050671057,1.3670192031367805
CHE,20,1.8040352767435843,1.3692578587253,1.3670192031367805
CHE,21,1.2466265587172487,1.305967949245642,1.3670192031367805
CHE,22,1.406781749811336,1.3620653637520967,1.3670192031367805
CHE,23,1.1123008872842242,1.4224185347073839,1.3670192031367805
CHE,24,6.8669584107649495,1.4513339567687014,1.3670192031367805
CHE,25,1.3469210906739872,1.3265189870288745,1.3670192031367805
CHE,26,1.1088741782648233,1.3045069141987835,1.3670192031367805
CHE,27,1.183361679521902,1.348276146939199,1.3670192031367805
CHE,28,1.1398249579686377,1.313368649811902,1.3670192031367805
CHE,29T30,1.143379656886731,1.302945279672709,1.3670192031367805
CHE,31T33,1.5370178623687392,1.3128581445196155,1.3670192031367805
CHE,35,2.1180268600371766,1.3401470349448141,1.3670192031367805
CHE,36T39,1.435370571346414,1.3097626412559429,1.3670192031367805
CHE,41T43,1.349900327144168,1.3346241930290248,1.3670192031367805
CHE,45T47,1.1061318667414914,1.3085202311233304,1.3670192031367805
CHE,49,1.2987229180508015,1.331969119397536,1.3670192031367805
CHE,50,1.176517857066226,1.4395982195466608,1.3670192031367805
CHE,51,0.7739191162536877,1.3865821397665827,1.3670192031367805
CHE,52,1.0135964305176768,1.3631006418133516,1.3670192031367805
CHE,53,1.1649878182034739,1.2825687426284005,1.3670192031367805
CHE,55T56,1.189681179671777,1.3232539736191011,1.3670192031367805
CHE,58T60,0.9232052434810811,1.2705156138633158,1.3670192031367805
CHE,61,1.1813823561654597,1.261783061889366,1.3670192031367805
CHE,62T63,0.9880700495955526,1.230139795529883,1.3670192031367805
CHE,64T66,1.087382594193354,1.2513399466768942,1.3670192031367805
CHE,68,1.3135009090873733,1.2588205704105624,1.3670192031367805
CHE,69T75,1.1667855767659618,1.266559431146709,1.3670192031367805
CHE,77T82,1.2192417967551852,1.272130264839684,1.3670192031367805
CHE,84,1.3243807938904155,1.275788159488689,1.3670192031367805
CHE,85,1.2640274601693544,1.2972592180414164,1.3670192031367805
CHE,86T88,1.3516521453299035,1.2762595957898828,1.3670192031367805
CHE,90T93,1.219586521710559,1.2759856536724767,1.3670192031367805
CHE,94T98,1.3081960169765938,1.2672001514826472,1.3670192031367805
CHL,01T02,1.0058047600058362,1.6817031706028558,1.6600251528779202
CHL,03,1.1078022736325324,1.6213687075952812,1.6600251528779202
CHL,05T06,0.07996801537055828,1.5509107675290943,1.6600251528779202
CHL,07T08,0.5263701482274199,1.6404273358350085,1.6600251528779202
CHL,10T12,1.3161712118996587,1.761194400116648,1.6600251528779202
CHL,13T15,0.8146610670912657,1.545491987226524,1.6600251528779202
CHL,16,0.8752292101302168,1.8120535243966225,1.6600251528779202
CHL,17T18,0.5634315004958936,1.8019682794697554,1.6600251528779202
CHL,19,0.7270643625805426,2.188446001116272,1.6600251528779202
CHL,20,0.856398322606807,1.762455169287252,1.6600251528779202
CHL,21,1.1317168560782005,1.5595872852502286,1.6600251528779202
CHL,22,0.2944401735782663,1.690528527949545,1.6600251528779202
CHL,23,0.6784996252293171,1.9786005638723916,1.6600251528779202
CHL,24,4.961943961096519,1.7285388635208643,1.6600251528779202
CHL,25,1.2495958572140569,1.6560179222721518,1.6600251528779202
CHL,26,1.3040929213975156,1.5484108614572554,1.6600251528779202
CHL,27,1.0233128305718564,1.6399636068801904,1.6600251528779202
CHL,28,1.0902107016123632,1.620671437353744,1.6600251528779202
CHL,29T30,1.0104769446878403,1.547960196712377,1.6600251528779202
CHL,31T33,0.6837038427073714,1.5776513294248546,1.6600251528779202
CHL,35,0.5427989027888283,2.489110773875311,1.6600251528779202
CHL,36T39,1.5160849216411214,1.5847221453226599,1.6600251528779202
CHL,41T43,1.5683875348404768,1.624712143337545,1.6600251528779202
CHL,45T47,1.1395113037851434,1.5284915475625465,1.6600251528779202
CHL,49,0.8206183070462565,1.6148246653089386,1.6600251528779202
CHL,50,0.16950549872409265,1.5848997828554727,1.6600251528779202
CHL,51,0.25296247518063236,1.571715271088064,1.6600251528779202
CHL,52,1.0710446407361938,1.5177915109735423,1.6600251528779202
CHL,53,1.2054083992539952,1.5775971277577547,1.6600251528779202
CHL,55T56,1.4128761493965658,1.5932543439823368,1.6600251528779202
CHL,58T60,1.071533229768322,1.527247868090378,1.6600251528779202
CHL,61,1.4693101867523837,1.536781909150265,1.6600251528779202
CHL,62T63,1.1066904758509697,1.4725459028320596,1.6600251528779202
CHL,64T66,1.3331314198908284,1.473560276023525,1.6600251528779202
CHL,68,1.4960481439924034,1.4857911191614812,1.6600251528779202
CHL,69T75,1.4229369427905125,1.4807067574886854,1.6600251528779202
CHL,77T82,1.230766204346071,1.482495923854219,1.6600251528779202
CHL,84,1.603957523215946,1.5025294079111424,1.6600251528779202
CHL,85,1.6274345842818116,1.4956799609697045,1.6600251528779202
CHL,86T88,1.612992015545471,1.512184824750853,1.6600251528779202
CHL,90T93,1.4850452388878141,1.4851311207731166,1.6600251528779202
CHL,94T98,1.4767937824451147,1.4962141609430009,1.6600251528779202
CHN,01T02,0.5714213737108839,1.2962974968362524,1.0875902745605497
CHN,03,0.9716636062614038,1.1434867668929973,1.0875902745605497
CHN,05T06,0.19142654211354196,1.4241457353758673,1.0875902745605497
CHN,07T08,0.13495594627287752,1.5756933024245214,1.0875902745605497
CHN,10T12,0.9304465825252354,1.44243314084519,1.0875902745605497
CHN,13T15,0.881795818750998,1.3385389716310259,1.0875902745605497
CHN,16,0.7931439876329165,1.4885271545574854,1.0875902745605497
CHN,17T18,0.8540654670241589,1.3721483978205689,1.0875902745605497
CHN,19,0.32786583016137033,1.4899635776381628,1.0875902745605497
CHN,20,0.4441061951240801,1.6082937512857325,1.0875902745605497
CHN,21,0.7645889261608919,1.2997744861583869,1.0875902745605497
CHN,22,0.59386643547962,1.58843376919712,1.0875902745605497
CHN,23,0.3635389476142343,1.7005207680214993,1.0875902745605497
CHN,24,0.19008015849882473,1.828172049158601,1.0875902745605497
CHN,25,0.79696332900764,1.667297125357964,1.0875902745605497
CHN,26,1.0037186114185332,1.2650976543876886,1.0875902745605497
CHN,27,0.865211005693958,1.554499630494484,1.0875902745605497
CHN,28,0.8720327672660929,1.4629906811467135,1.0875902745605497
CHN,29T30,0.9722656509490969,1.3139470434937166,1.0875902745605497
CHN,31T33,0.6853295852934643,1.3303931068135526,1.0875902745605497
CHN,35,0.1155072185157695,1.9308155964928022,1.0875902745605497
CHN,36T39,0.7039769319876779,1.2922871129253666,1.0875902745605497
CHN,41T43,1.053481997749155,1.678342327644542,1.0875902745605497
CHN,45T47,0.9677827997704432,0.9648783751961082,1.0875902745605497
CHN,49,0.7529511539037097,1.1472073902342086,1.0875902745605497
CHN,50,0.19476777749503787,1.408075078333126,1.0875902745605497
CHN,51,0.5571932012699965,1.2498378988608994,1.0875902745605497
CHN,52,0.6108410185004082,1.2384104766390789,1.0875902745605497
CHN,53,0.8226054327364026,1.1043901556788278,1.0875902745605497
CHN,55T56,0.9770877911362018,1.168672875003168,1.0875902745605497
CHN,58T60,1.1133255890564806,1.0516983994913554,1.0875902745605497
CHN,61,1.0058501387882997,1.0611484837758582,1.0875902745605497
CHN,62T63,1.1266817784690615,0.9274336605619836,1.0875902745605497
CHN,64T66,0.909044850113335,0.8683384294398224,1.0875902745605497
CHN,68,1.0501400219564614,0.8744282199961771,1.0875902745605497
CHN,69T75,0.9126590962940091,1.0791896225741346,1.0875902745605497
CHN,77T82,0.8895057001058221,1.067479017733476,1.0875902745605497
CHN,84,1.0670475679154932,0.9395462415681802,1.0875902745605497
CHN,85,1.0806489196253763,0.9263219175683843,1.0875902745605497
CHN,86T88,1.0721086718700672,1.003661958597113,1.0875902745605497
CHN,90T93,1.0726679462202333,0.952077086611841,1.0875902745605497
CHN,94T98,1.0349588548696567,0.9715365571906186,1.0875902745605497
COL,01T02,0.09654002661574336,1.1721248150021404,1.100081802625802
COL,03,1.0573921445990244,1.3008051210434926,1.100081802625802
COL,05T06,0.45732564833115996,1.1643146751094875,1.100081802625802
COL,07T08,0.46751585509855625,1.0784293314916955,1.100081802625802
COL,10T12,0.867335219080248,1.8448001134751497,1.100081802625802
COL,13T15,0.9197243746639713,1.123790332509692,1.100081802625802
COL,16,0.9429233094590332,1.4721935452002648,1.100081802625802
COL,17T18,0.8123942389844446,1.2117010582936703,1.100081802625802
COL,19,0.4754314538154748,1.488353860995502,1.100081802625802
COL,20,1.5032938914086715,1.219739261987572,1.100081802625802
COL,21,1.3321261427825453,1.0860659096760723,1.100081802625802
COL,22,1.4941095558289477,1.2517564333991251,1.100081802625802
COL,23,0.573122310688517,1.2476437033605259,1.100081802625802
COL,24,0.8655282007871664,1.4332865083465678,1.100081802625802
COL,25,1.1497525466055354,1.2854118870848983,1.100081802625802
COL,26,1.1294337037893625,1.191759019404749,1.100081802625802
COL,27,1.1915322850308168,1.255284871312,1.100081802625802
COL,28,1.118087345850222,1.2295616246176706,1.100081802625802
COL,29T30,1.3215254164582844,1.126669826107055,1.100081802625802
COL,31T33,1.221258735792144,1.1296918930151745,1.100081802625802
COL,35,0.5776855678141303,1.3040630883506334,1.100081802625802
COL,36T39,0.9797390211963704,1.0533768828504395,1.100081802625802
COL,41T43,1.067546252063497,1.2291410334283577,1.100081802625802
COL,45T47,1.0196530184674577,1.0147999840400541,1.100081802625802
COL,49,0.7127978514238011,1.1347757682865043,1.100081802625802
COL,50,0.5299093260987873,1.1206992329187766,1.100081802625802
COL,51,0.6382576964730355,1.19240113339777,1.100081802625802
COL,52,0.9908200995762313,0.9932724521342164,1.100081802625802
COL,53,0.9953862612059736,1.0655526773060493,1.100081802625802
COL,55T56,1.0934211592311656,1.204840166471071,1.100081802625802
COL,58T60,1.2496117353469438,1.015122905272079,1.100081802625802
COL,61,1.0928340650765145,0.9733927935858143,1.100081802625802
COL,62T63,1.133556593704163,0.9611557791534091,1.100081802625802
COL,64T66,1.0821849735255193,0.9691203637986789,1.100081802625802
COL,68,1.0878386434782499,0.9336714661344027,1.100081802625802
COL,69T75,1.081406538705401,0.968099240529565,1.100081802625802
COL,77T82,1.040757539225869,0.9578344543340765,1.100081802625802
COL,84,1.073838643481952,1.0092287012992314,1.100081802625802
COL,85,1.1000895358487275,0.9706083714239212,1.100081802625802
COL,86T88,1.0890711087489928,0.9998296590973549,1.100081802625802
COL,90T93,1.115782172823793,0.9837835559995244,1.100081802625802
COL,94T98,1.0958687496306252,0.9852777290076498,1.100081802625802
CRI,01T02,0.966894814436508,1.3628707653202738,1.3219987202379027
CRI,03,0.8617216252559022,1.3756038926713121,1.3219987202379027
CRI,05T06,1.3357560880468629,1.318868411693158,1.3219987202379027
CRI,07T08,0.8780298223283198,1.307684368379862,1.3219987202379027
CRI,10T12,1.1510277002751013,1.5259244540642944,1.3219987202379027
CRI,13T15,0.6776705041226012,1.264390705399171,1.3219987202379027
CRI,16,0.909526290818686,1.4460464806040534,1.3219987202379027
CRI,17T18,1.0078724480466388,1.3099787595972618,1.3219987202379027
CRI,19,1.3904233902398082,1.352153898191951,1.3219987202379027
CRI,20,2.0059990877937426,1.3538604437470223,1.3219987202379027
CRI,21,1.0318548355369013,1.2919415484905141,1.3219987202379027
CRI,22,1.7937756831302178,1.4062804884324795,1.3219987202379027
CRI,23,0.6005495396325338,1.3947819744104444,1.3219987202379027
CRI,24,3.9750029220301992,1.5182755483478976,1.3219987202379027
CRI,25,1.1860494632422247,1.363939830002133,1.3219987202379027
CRI,26,1.1091031140084626,1.2577814607719384,1.3219987202379027
CRI,27,1.2071835818367194,1.3553957788636424,1.3219987202379027
CRI,28,1.1218745292106822,1.353861329051701,1.3219987202379027
CRI,29T30,1.1759836604122302,1.3197493042691413,1.3219987202379027
CRI,31T33,1.2559828058910212,1.2886865620135026,1.3219987202379027
CRI,35,2.1982972170267896,1.2302884483970402,1.3219987202379027
CRI,36T39,1.2822368764306455,1.2425939265150092,1.3219987202379027
CRI,41T43,1.2585729940321286,1.4068907972361289,1.3219987202379027
CRI,45T47,1.062877292879679,1.243986602236752,1.3219987202379027
CRI,49,0.9234538006481622,1.2711388095803422,1.3219987202379027
CRI,50,0.3032493395883158,1.3701270561703445,1.3219987202379027
CRI,51,2.0487913262824784,1.330702768106747,1.3219987202379027
CRI,52,0.9701691289254658,1.295479444678968,1.3219987202379027
CRI,53,1.287825407684777,1.2431502421983127,1.3219987202379027
CRI,55T56,1.1224578751584073,1.3234595272992262,1.3219987202379027
CRI,58T60,1.0200149961721567,1.2890370718949686,1.3219987202379027
CRI,61,1.1602730961525725,1.2354638310893389,1.3219987202379027
CRI,62T63,1.0825208216074766,1.2152480090873734,1.3219987202379027
CRI,64T66,1.197722319114592,1.2164754297720162,1.3219987202379027
CRI,68,1.2895627264438443,1.2309977757934099,1.3219987202379027
CRI,69T75,1.1013235803949952,1.2293472958447687,1.3219987202379027
CRI,77T82,1.1357032412400254,1.227441077127961,1.3219987202379027
CRI,84,1.3006443749248395,1.2246678451846118,1.3219987202379027
CRI,85,1.2991989268921889,1.2306622141065884,1.3219987202379027
CRI,86T88,1.3007973661578025,1.23692971347638,1.3219987202379027
CRI,90T93,1.0725933567510544,1.2461409600476134,1.3219987202379027
CRI,94T98,1.259645168521421,1.2441497758470477,1.3219987202379027
CYP,01T02,1.4049420925230396,1.329900266642076,1.2678674110249597
CYP,03,1.0457538268820712,1.2395327110116592,1.2678674110249597
CYP,05T06,0.6616462375577791,1.4338472421377744,1.2678674110249597
CYP,07T08,0.5025476965188177,1.5522766708359415,1.2678674110249597
CYP,10T12,1.1987065754929809,1.460656638559311,1.2678674110249597
CYP,13T15,1.3123678389567337,1.249095809067567,1.2678674110249597
CYP,16,1.3917000478359463,1.2896957417357617,1.2678674110249597
CYP,17T18,1.1921789457826577,1.2862597613862166,1.2678674110249597
CYP,19,0.008495220601983855,1.234576419337934,1.2678674110249597
CYP,20,2.2899629767685803,1.3250217751477091,1.2678674110249597
CYP,21,1.2215009334026405,1.2921434968015768,1.2678674110249597
CYP,22,1.1672518060325139,1.4157975924916797,1.2678674110249597
CYP,23,0.0694286511388713,1.821802076528888,1.2678674110249597
CYP,24,3.7213961231201935,1.4470130062135582,1.2678674110249597
CYP,25,1.194371497547392,1.4025414480429528,1.2678674110249597
CYP,26,0.9916351330403996,1.4400169746569742,1.2678674110249597
CYP,27,1.3244356246368572,1.293340014293157,1.2678674110249597
CYP,28,1.1919954209185704,1.2879031489018617,1.2678674110249597
CYP,29T30,1.2256143186570165,1.2854004302953155,1.2678674110249597
CYP,31T33,1.2523720336150017,1.2769561479628242,1.2678674110249597
CYP,35,0.2352122158644153,1.3579544040096376,1.2678674110249597
CYP,36T39,1.1553673859628044,1.395884886878085,1.2678674110249597
CYP,41T43,1.1605006042802206,1.367300732583938,1.2678674110249597
CYP,45T47,1.082200753111446,1.2355746457645291,1.2678674110249597
CYP,49,0.8423808031379175,1.2612705192768177,1.2678674110249597
CYP,50,2.9274463169332776,1.193979641671169,1.2678674110249597
CYP,51,0.4556540940119834,1.2580187453319633,1.2678674110249597
CYP,52,1.0517622058612184,1.227680916876952,1.2678674110249597
CYP,53,0.9420137742335557,1.2380519192361583,1.2678674110249597
CYP,55T56,1.0704344115928024,1.297067141420551,1.2678674110249597
CYP,58T60,1.029085516375583,1.1697404552775694,1.2678674110249597
CYP,61,1.0199261541530766,1.217502604784516,1.2678674110249597
CYP,62T63,0.8450983561031361,1.1194771801093,1.2678674110249597
CYP,64T66,0.9452628829207284,1.137159359357112,1.2678674110249597
CYP,68,1.1795302875002398,1.1825748507946978,1.2678674110249597
CYP,69T75,1.1512701091337798,1.1782724430741833,1.2678674110249597
CYP,77T82,1.0723875527593942,1.196669590766052,1.2678674110249597
CYP,84,1.2383173474369293,1.2131238748328057,1.2678674110249597
CYP,85,1.2332462203650079,1.1860320222768126,1.2678674110249597
CYP,86T88,1.226940712547096,1.2333885075311122,1.2678674110249597
CYP,90T93,1.1909609386354578,1.2134032345094827,1.2678674110249597
CYP,94T98,1.1968927884104565,1.209491873162525,1.2678674110249597
CZE,01T02,0.8118589142301407,1.3346224493551166,1.2532105362575525
CZE,03,0.9490853125118027,1.4973263892257929,1.2532105362575525
CZE,05T06,0.1802882037659049,1.2749554689174398,1.2532105362575525
CZE,07T08,0.5985362369934767,1.3498991234513191,1.2532105362575525
CZE,10T12,1.0796682411468137,1.4815761036110262,1.2532105362575525
CZE,13T15,0.8175042126178677,1.3218168914888808,1.2532105362575525
CZE,16,0.9386880025051502,1.474996234701968,1.2532105362575525
CZE,17T18,0.9702473923950533,1.3605762297854054,1.2532105362575525
CZE,19,0.3758993861961563,1.7295909295403318,1.2532105362575525
CZE,20,0.5433015776439399,1.431562985708969,1.2532105362575525
CZE,21,0.7839513393807095,1.234245449287271,1.2532105362575525
CZE,22,1.4011900574150196,1.3348704514929008,1.2532105362575525
CZE,23,0.4720945540317726,1.5140293580739637,1.2532105362575525
CZE,24,0.43424916081450116,1.5626675615938508,1.2532105362575525
CZE,25,1.1378996227477194,1.339971140128937,1.2532105362575525
CZE,26,1.0935257319849576,1.3162319697625022,1.2532105362575525
CZE,27,1.1325145686202758,1.3488715819381758,1.2532105362575525
CZE,28,1.0413090927059543,1.3573455768741431,1.2532105362575525
CZE,29T30,1.1548733171257535,1.2878652053860278,1.2532105362575525
CZE,31T33,1.2677993919257644,1.2590440718290081,1.2532105362575525
CZE,35,0.1869769286809701,1.638949654614688,1.2532105362575525
CZE,36T39,0.9406154934340927,1.266556772042557,1.2532105362575525
CZE,41T43,1.1506406265542275,1.2628792115040146,1.2532105362575525
CZE,45T47,1.019538962405345,1.1801456963299077,1.2532105362575525
CZE,49,0.7510204652819391,1.238338198454602,1.2532105362575525
CZE,50,0.3732064266215915,1.3310166738163693,1.2532105362575525
CZE,51,1.14065910597279,1.3851867104411888,1.2532105362575525
CZE,52,0.9254212937202063,1.2640516717828554,1.2532105362575525
CZE,53,1.1113019887279185,1.1686381471943126,1.2532105362575525
CZE,55T56,1.1823229314531998,1.2311967190640367,1.2532105362575525
CZE,58T60,1.1711541269607557,1.154713987368968,1.2532105362575525
CZE,61,1.1572489643200963,1.1363978500358503,1.2532105362575525
CZE,62T63,1.1340081434103724,1.0973308965291986,1.2532105362575525
CZE,64T66,1.0859378200217875,1.113242972973684,1.2532105362575525
CZE,68,1.168882814283287,1.2023082912576217,1.2532105362575525
CZE,69T75,1.070563419279038,1.166979041947822,1.2532105362575525
CZE,77T82,1.038627749576263,1.2274469791019742,1.2532105362575525
CZE,84,1.2069754833872597,1.1438130740534405,1.2532105362575525
CZE,85,1.2281887484545693,1.1245818009968853,1.2532105362575525
CZE,86T88,1.2312045989099467,1.1663240626110556,1.2532105362575525
CZE,90T93,1.1973197791329229,1.1855342172026948,1.2532105362575525
CZE,94T98,1.1875371488981703,1.1561425566610501,1.2532105362575525
DEU,01T02,0.5176013377519555,1.3536364205513767,1.302209305554617
DEU,03,1.072298381803249,1.2605439652464667,1.302209305554617
DEU,05T06,0.3097882857369109,1.394996984615105,1.302209305554617
DEU,07T08,0.8824780104318858,1.2458032429293493,1.302209305554617
DEU,10T12,1.2317752589656457,1.4662747237309388,1.302209305554617
DEU,13T15,1.030462853870111,1.3003085777927272,1.302209305554617
DEU,16,1.1771719277716524,1.4695651838893582,1.302209305554617
DEU,17T18,1.023359334442809,1.3401899643128552,1.302209305554617
DEU,19,0.748379284094624,1.5300750914033228,1.302209305554617
DEU,20,1.1535843697354355,1.3639203996503841,1.302209305554617
DEU,21,1.1140478701104521,1.2601757948316519,1.302209305554617
DEU,22,1.4419944854583,1.3410162529767833,1.302209305554617
DEU,23,0.9728930636833288,1.3910927361152956,1.302209305554617
DEU,24,0.5856438367384242,1.5889965127330266,1.302209305554617
DEU,25,1.2964438005223866,1.3366308193421315,1.302209305554617
DEU,26,1.165129898898971,1.2544983209011031,1.302209305554617
DEU,27,1.2939525246734973,1.2857767795863304,1.302209305554617
DEU,28,1.1941124144957234,1.285411433074938,1.302209305554617
DEU,29T30,1.2015612730292298,1.2812051092430943,1.302209305554617
DEU,31T33,1.3732937682374924,1.28298546188931,1.302209305554617
DEU,35,0.4707467197911369,1.486822468871434,1.302209305554617
DEU,36T39,1.1548667420499708,1.248883506264025,1.302209305554617
DEU,41T43,1.2247891417950927,1.2974824709346544,1.302209305554617
DEU,45T47,1.1101029143298562,1.2364883092328594,1.302209305554617
DEU,49,1.1953734416330433,1.2716645590791065,1.302209305554617
DEU,50,1.3306711586232367,1.4163981162735353,1.302209305554617
DEU,51,0.4772598504113217,1.3470831598879827,1.302209305554617
DEU,52,1.0474828008575565,1.2703344596925819,1.302209305554617
DEU,53,1.1076562590320687,1.2611043551646854,1.302209305554617
DEU,55T56,1.2008740391267692,1.2813868420924772,1.302209305554617
DEU,58T60,1.1230951679160497,1.2195394331271783,1.302209305554617
DEU,61,1.1726344766863643,1.2258775181119137,1.302209305554617
DEU,62T63,1.0892269204015372,1.1837911986901333,1.302209305554617
DEU,64T66,1.1590628885907956,1.1995989210225468,1.302209305554617
DEU,68,1.2366065317056112,1.1963553134398843,1.302209305554617
DEU,69T75,1.1363421947646022,1.204633288432502,1.302209305554617
DEU,77T82,1.1480303959984077,1.228058271814876,1.302209305554617
DEU,84,1.243291245893545,1.2160564896089132,1.302209305554617
DEU,85,1.2766610507490248,1.1904665374797794,1.302209305554617
DEU,86T88,1.2871588899248243,1.2180143966282044,1.302209305554617
DEU,90T93,1.2430587644995734,1.2124738373355615,1.302209305554617
DEU,94T98,1.261463747762102,1.2103162169869548,1.302209305554617
DNK,01T02,0.532046115318154,1.4407349382141805,1.3000695663210393
DNK,03,0.6016377660985556,1.2870229998046288,1.3000695663210393
DNK,05T06,0.615197455057192,1.270898118017655,1.3000695663210393
DNK,07T08,0.7903823308072222,1.4054498623124088,1.3000695663210393
DNK,10T12,1.1319347747417703,1.4778071890539648,1.3000695663210393
DNK,13T15,1.1354135501214258,1.2905710263548247,1.3000695663210393
DNK,16,1.5818597394514142,1.3867715972525663,1.3000695663210393
DNK,17T18,1.410411118893709,1.2909267922198948,1.3000695663210393
DNK,19,0.8987841377083388,1.5383259107346718,1.3000695663210393
DNK,20,2.0810543280261418,1.306361318066021,1.3000695663210393
DNK,21,1.4789365183499201,1.2305350788255591,1.3000695663210393
DNK,22,1.6120241953858274,1.316401957176814,1.3000695663210393
DNK,23,0.7950333898182682,1.3868854110641444,1.3000695663210393
DNK,24,4.698190750451614,1.4320969501350844,1.3000695663210393
DNK,25,1.3127313699634162,1.3250095763070862,1.3000695663210393
DNK,26,1.1812403797218989,1.2600033774468198,1.3000695663210393
DNK,27,1.3282765694735537,1.2799214222675201,1.3000695663210393
DNK,28,1.192571229308689,1.2946407938244038,1.3000695663210393
DNK,29T30,1.1558457758933702,1.2992263627167784,1.3000695663210393
DNK,31T33,1.4908251294212995,1.2795705082408422,1.3000695663210393
DNK,35,0.5763781646824043,1.332975923096365,1.3000695663210393
DNK,36T39,1.249907703105719,1.2466742492752783,1.3000695663210393
DNK,41T43,1.2355054448542435,1.3063818880352591,1.3000695663210393
DNK,45T47,1.1412882786003473,1.2336910419539258,1.3000695663210393
DNK,49,0.9280127052658697,1.3832141872475843,1.3000695663210393
DNK,50,0.6358261600070887,1.334041337741669,1.3000695663210393
DNK,51,0.8145541460002034,1.3127748424192485,1.3000695663210393
DNK,52,1.0042229207210764,1.2562017602262718,1.3000695663210393
DNK,53,1.1275547272725865,1.2550900232272582,1.3000695663210393
DNK,55T56,1.2061186662437302,1.2950374818090327,1.3000695663210393
DNK,58T60,1.132885841571581,1.2197166537827182,1.3000695663210393
DNK,61,1.1501981424162884,1.2327545052831235,1.3000695663210393
DNK,62T63,1.0834337642695013,1.2154765820622702,1.3000695663210393
DNK,64T66,1.1553177279494462,1.2038276267163672,1.3000695663210393
DNK,68,1.2557902674827197,1.2168513140851576,1.3000695663210393
DNK,69T75,1.139961512320131,1.2215778081929418,1.3000695663210393
DNK,77T82,1.1387558964083424,1.2760046954442628,1.3000695663210393
DNK,84,1.2778431317446004,1.2243270874672652,1.3000695663210393
DNK,85,1.286880616358912,1.2180143351913233,1.3000695663210393
DNK,86T88,1.2949675877588698,1.2279130470310942,1.3000695663210393
DNK,90T93,1.2639385940371832,1.2325397548537684,1.3000695663210393
DNK,94T98,1.24577654103112,1.2230720028027995,1.3000695663210393
ESP,01T02,1.212637126936061,1.3083707079378404,1.2970924316550336
ESP,03,0.8329030080689351,1.2819295212244755,1.2970924316550336
ESP,05T06,0.052294738436867765,1.2219345866242304,1.2970924316550336
ESP,07T08,0.636987581841515,1.3624045903691155,1.2970924316550336
ESP,10T12,1.2173301642564187,1.507927223084993,1.2970924316550336
ESP,13T15,1.1445174030340668,1.2675861970935696,1.2970924316550336
ESP,16,1.1509178650459382,1.3711638094695946,1.2970924316550336
ESP,17T18,1.0550837489859626,1.354757635729567,1.2970924316550336
ESP,19,0.7354771719991823,1.6916857247889152,1.2970924316550336
ESP,20,0.972450765732558,1.4394788412708606,1.2970924316550336
ESP,21,0.9457130738445754,1.306420707720643,1.2970924316550336
ESP,22,1.3316797564933693,1.3647194282321349,1.2970924316550336
ESP,23,0.6059059320091416,1.4709255075258147,1.2970924316550336
ESP,24,1.541167610749576,1.4902326220933,1.2970924316550336
ESP,25,1.0981366678980173,1.414317710868298,1.2970924316550336
ESP,26,1.150468449928459,1.2684716092703063,1.2970924316550336
ESP,27,1.1029012908552769,1.375940154212303,1.2970924316550336
ESP,28,1.096133437866505,1.335450326661989,1.2970924316550336
ESP,29T30,1.1149496155436183,1.3290350999786846,1.2970924316550336
ESP,31T33,1.3204381461122532,1.2749680114414763,1.2970924316550336
ESP,35,0.6140516728596735,1.4519358056449656,1.2970924316550336
ESP,36T39,1.2014679819407028,1.2843435787863537,1.2970924316550336
ESP,41T43,1.229174707948866,1.300843580850238,1.2970924316550336
ESP,45T47,1.1431220508111288,1.230877229607701,1.2970924316550336
ESP,49,0.8492362693392336,1.3127416673751224,1.2970924316550336
ESP,50,0.050816340387250795,1.2897954989295854,1.2970924316550336
ESP,51,0.4582869118331411,1.342331386454679,1.2970924316550336
ESP,52,1.04658845417064,1.2870845648840215,1.2970924316550336
ESP,53,1.0772356102885634,1.2573482311729416,1.2970924316550336
ESP,55T56,1.2348664163071386,1.2700740064957363,1.2970924316550336
ESP,58T60,1.1010218043762534,1.2243464504220067,1.2970924316550336
ESP,61,1.1424599233708899,1.255524873504184,1.2970924316550336
ESP,62T63,1.0472509665501557,1.2208685698595731,1.2970924316550336
ESP,64T66,1.1611204226309155,1.192177740356883,1.2970924316550336
ESP,68,1.2502882475996877,1.180751731356619,1.2970924316550336
ESP,69T75,1.1323357653844903,1.2195722572814691,1.2970924316550336
ESP,77T82,1.10474478226359,1.2322927946290192,1.2970924316550336
ESP,84,1.246044759596738,1.2135088909844671,1.2970924316550336
ESP,85,1.259185624429321,1.1917111496219777,1.2970924316550336
ESP,86T88,1.2758325338310006,1.2182701764822412,1.2970924316550336
ESP,90T93,1.2353821700049492,1.216909826684021,1.2970924316550336
ESP,94T98,1.2503201910167774,1.1969923710795753,1.2970924316550336
EST,01T02,0.12066293104690629,1.5280717561596695,1.1533755173518947
EST,03,1.1109280892076259,1.1683027320675956,1.1533755173518947
EST,05T06,0.04505354444990919,1.246059422436045,1.1533755173518947
EST,07T08,0.05961959947092093,1.2710218137436524,1.1533755173518947
EST,10T12,0.9987034980952891,1.5547061454958104,1.1533755173518947
EST,13T15,1.260653971109429,1.2334029178756416,1.1533755173518947
EST,16,0.277737298736673,1.7859794424261741,1.1533755173518947
EST,17T18,0.713140878194688,1.5040379665468617,1.1533755173518947
EST,19,0.0009876611795609487,1.7719908410523881,1.1533755173518947
EST,20,1.2452992441622155,1.4428418444474782,1.1533755173518947
EST,21,1.4921048931197143,1.1894792451723462,1.1533755173518947
EST,22,1.3670402629026117,1.3318235602136155,1.1533755173518947
EST,23,0.626335377095,1.412509946468533,1.1533755173518947
EST,24,3.216700410792561,1.5912072009299252,1.1533755173518947
EST,25,1.16362522779458,1.346153137219549,1.1533755173518947
EST,26,1.1343097679326528,1.2174183092492947,1.1533755173518947
EST,27,1.367666081065597,1.2497333059974771,1.1533755173518947
EST,28,1.1557993179567387,1.2712059778805394,1.1533755173518947
EST,29T30,1.2708159260088276,1.2190134871322567,1.1533755173518947
EST,31T33,1.2144127269945304,1.2928831233137419,1.1533755173518947
EST,35,0.08838710735969052,1.5979037340338567,1.1533755173518947
EST,36T39,1.37722583963603,1.2972539940722976,1.1533755173518947
EST,41T43,1.0751869652321122,1.2857303684998076,1.1533755173518947
EST,45T47,1.05278553592316,1.122912964843281,1.1533755173518947
EST,49,0.7993226167147951,1.152282614048179,1.1533755173518947
EST,50,0.5683546922309707,1.1913368676384184,1.1533755173518947
EST,51,3.0783741349536755,1.3260498526548392,1.1533755173518947
EST,52,0.9512206171563387,1.2288302489840817,1.1533755173518947
EST,53,1.1885062303020146,1.1385777960243715,1.1533755173518947
EST,55T56,1.1432029540501567,1.2326560873137018,1.1533755173518947
EST,58T60,1.117722480902571,1.1246657154692823,1.1533755173518947
EST,61,1.1701356368305575,1.0727111038545791,1.1533755173518947
EST,62T63,1.1631504327502507,1.0548409335502158,1.1533755173518947
EST,64T66,1.110617082382698,1.0487631171589356,1.1533755173518947
EST,68,1.1032798648280588,1.1001035331900544,1.1533755173518947
EST,69T75,1.1008463183555082,1.0968505195396563,1.1533755173518947
EST,77T82,1.0657950314938585,1.1080454826707438,1.1533755173518947
EST,84,1.1339980976315374,1.0886009759230766,1.1533755173518947
EST,85,1.1397270408048426,1.103683015234344,1.1533755173518947
EST,86T88,1.141767792379581,1.1026842824441783,1.1533755173518947
EST,90T93,1.1171394062821178,1.156822134963406,1.1533755173518947
EST,94T98,1.0903839157126727,1.182518634436969,1.1533755173518947
FIN,01T02,0.520008126366193,1.3298128770924451,1.2394835846842174
FIN,03,0.6924464743184482,1.238013005515446,1.2394835846842174
FIN,05T06,0.024908753863051636,1.329593343959465,1.2394835846842174
FIN,07T08,1.0540621354218485,1.3246018129765118,1.2394835846842174
FIN,10T12,1.203490104623968,1.4647405310457318,1.2394835846842174
FIN,13T15,1.2713702105262537,1.2356518454606515,1.2394835846842174
FIN,16,0.9028261804303241,1.6859445051213506,1.2394835846842174
FIN,17T18,0.6725803263919446,1.4886285579240355,1.2394835846842174
FIN,19,0.8736435016232051,1.432764496716227,1.2394835846842174
FIN,20,0.8160343597812695,1.3937828768123521,1.2394835846842174
FIN,21,1.2831553730818432,1.1588648871136362,1.2394835846842174
FIN,22,1.3261693455986403,1.339246613471144,1.2394835846842174
FIN,23,1.1027033253404797,1.3447296214730347,1.2394835846842174
FIN,24,1.377069884940999,1.4879367957504728,1.2394835846842174
FIN,25,1.2865335749978133,1.3344759806171782,1.2394835846842174
FIN,26,1.1979127790035813,1.1804965080660277,1.2394835846842174
FIN,27,1.3079634731953997,1.2655795045398928,1.2394835846842174
FIN,28,1.2212243231715367,1.2332634214760942,1.2394835846842174
FIN,29T30,1.1900017681207775,1.2698591873907161,1.2394835846842174
FIN,31T33,1.2985108265560346,1.218491079869813,1.2394835846842174
FIN,35,0.48399461340621386,1.335772054646269,1.2394835846842174
FIN,36T39,1.1739255240265793,1.2197676718702273,1.2394835846842174
FIN,41T43,1.1695102826641584,1.2747708783475833,1.2394835846842174
FIN,45T47,1.102613410231109,1.184982640171855,1.2394835846842174
FIN,49,1.0149125312499354,1.2281278889024636,1.2394835846842174
FIN,50,0.5342423957309403,1.25625712484531,1.2394835846842174
FIN,51,0.5978246204152347,1.2709705607651633,1.2394835846842174
FIN,52,1.0172798333968183,1.2521693065778607,1.2394835846842174
FIN,53,1.1157924333076727,1.2065762776314288,1.2394835846842174
FIN,55T56,1.165331046036643,1.2458239930720652,1.2394835846842174
FIN,58T60,1.086540171643764,1.1887918229883172,1.2394835846842174
FIN,61,1.1615704678529823,1.161306512900168,1.2394835846842174
FIN,62T63,1.0448512536189511,1.1558015600059004,1.2394835846842174
FIN,64T66,1.1234107685427839,1.1614559795390453,1.2394835846842174
FIN,68,1.197229089547827,1.162038313942251,1.2394835846842174
FIN,69T75,1.114463328794413,1.1678298495945512,1.2394835846842174
FIN,77T82,1.1136378619645364,1.1860593541451907,1.2394835846842174
FIN,84,1.1988868310009986,1.1876524952934167,1.2394835846842174
FIN,85,1.2246170578599547,1.1592389191857249,1.2394835846842174
FIN,86T88,1.230198333310639,1.1698001672462146,1.2394835846842174
FIN,90T93,1.1955692116743795,1.221703219647495,1.2394835846842174
FIN,94T98,1.197883288647221,1.224142968809881,1.2394835846842174
FRA,01T02,0.7307919563923077,1.3925511125674053,1.2594789204505463
FRA,03,0.77947764381636,1.2965604441387646,1.2594789204505463
FRA,05T06,0.014561783442802796,1.1889779908642852,1.2594789204505463
FRA,07T08,0.7869135267491029,1.3136009988183406,1.2594789204505463
FRA,10T12,1.2044479772895211,1.437983416255635,1.2594789204505463
FRA,13T15,1.129517643223499,1.2564268339886435,1.2594789204505463
FRA,16,1.1656864651508545,1.4229093242495237,1.2594789204505463
FRA,17T18,1.167422003273083,1.2781199218645665,1.2594789204505463
FRA,19,1.129950935615129,1.499695909753343,1.2594789204505463
FRA,20,1.2106115748503505,1.328525278560895,1.2594789204505463
FRA,21,1.114691408083336,1.248346116310632,1.2594789204505463
FRA,22,1.4778478607072143,1.3105892725482573,1.2594789204505463
FRA,23,0.9119611933672888,1.35565221657042,1.2594789204505463
FRA,24,0.37297447539884365,1.423829482813271,1.2594789204505463
FRA,25,1.249285320509259,1.3300767142561931,1.2594789204505463
FRA,26,1.1433708217832537,1.2468247617154846,1.2594789204505463
FRA,27,1.2526534911989797,1.3010853359370869,1.2594789204505463
FRA,28,1.1564468864119026,1.2903867681906678,1.2594789204505463
FRA,29T30,1.1830594380577504,1.2770090365199671,1.2594789204505463
FRA,31T33,1.3877314136737557,1.2690880895773917,1.2594789204505463
FRA,35,1.0111146168310299,1.3995716000732603,1.2594789204505463
FRA,36T39,1.133125904049436,1.2480595991462187,1.2594789204505463
FRA,41T43,1.2296918498882394,1.283953082110473,1.2594789204505463
FRA,45T47,1.1300271179373498,1.2141191073901871,1.2594789204505463
FRA,49,1.1612993643114928,1.2384341250407205,1.2594789204505463
FRA,50,0.8631314083687681,1.3406811100862936,1.2594789204505463
FRA,51,0.656326793491576,1.305391359802976,1.2594789204505463
FRA,52,1.1247502459645435,1.2132134045269876,1.2594789204505463
FRA,53,1.1862675396235842,1.1940270066216916,1.2594789204505463
FRA,55T56,1.207476439265874,1.2616793885752031,1.2594789204505463
FRA,58T60,1.1040522728683568,1.2334217661831235,1.2594789204505463
FRA,61,1.1383435761323977,1.2102766807810028,1.2594789204505463
FRA,62T63,1.1469570065230206,1.1907412461447664,1.2594789204505463
FRA,64T66,1.1294330633749532,1.1939769685967985,1.2594789204505463
FRA,68,1.223085739002544,1.1809485153454187,1.2594789204505463
FRA,69T75,1.1434647597273784,1.2027799070009673,1.2594789204505463
FRA,77T82,1.1298806985561762,1.2000616918861071,1.2594789204505463
FRA,84,1.234645141907593,1.1977438507552383,1.2594789204505463
FRA,85,1.2288619038494848,1.193559550252458,1.2594789204505463
FRA,86T88,1.2464910430119287,1.1955194207790354,1.2594789204505463
FRA,90T93,1.2125348535385259,1.222176414439822,1.2594789204505463
FRA,94T98,1.2159939494757164,1.2045735768926664,1.2594789204505463
GBR,01T02,0.49959688013928943,1.3903149930562089,1.216372849894029
GBR,03,0.8776020287326372,1.2862925710050155,1.216372849894029
GBR,05T06,0.5463035589330872,1.2388744783211432,1.216372849894029
GBR,07T08,1.1072127444714663,1.341549689972912,1.216372849894029
GBR,10T12,1.2703452938136268,1.39994401562994,1.216372849894029
GBR,13T15,1.2008007863363268,1.199983026582753,1.216372849894029
GBR,16,1.3477206024136743,1.3604846359733567,1.216372849894029
GBR,17T18,1.2160055575390156,1.2684228377303663,1.216372849894029
GBR,19,0.6537808015827733,1.5573100476778254,1.216372849894029
GBR,20,1.0233637004740914,1.3339103415796931,1.216372849894029
GBR,21,1.2877576883261934,1.2118614481039278,1.216372849894029
GBR,22,1.130941993491873,1.3157160588063253,1.216372849894029
GBR,23,0.9674705171630342,1.3082193628823837,1.216372849894029
GBR,24,0.6374113563377927,1.4335256910851522,1.216372849894029
GBR,25,1.258328824149647,1.2783513202675234,1.216372849894029
GBR,26,1.158317223761109,1.201364950982323,1.216372849894029
GBR,27,1.268640717186266,1.2651310691538733,1.216372849894029
GBR,28,1.1443441789095263,1.2556563574988415,1.216372849894029
GBR,29T30,1.150199698407888,1.2741803728114278,1.216372849894029
GBR,31T33,1.1834144067390364,1.2311362362215048,1.216372849894029
GBR,35,0.7182083580916144,1.6633422332853767,1.216372849894029
GBR,36T39,1.1526980568315721,1.1898330611650416,1.216372849894029
GBR,41T43,1.1783020379357034,1.2243775394199778,1.216372849894029
GBR,45T47,1.1196152496961074,1.1879235583325085,1.216372849894029
GBR,49,1.0227930551507514,1.2150495985167644,1.216372849894029
GBR,50,1.1752261307479315,1.2289188879222723,1.216372849894029
GBR,51,0.38276035150319637,1.366709512833937,1.216372849894029
GBR,52,1.0879774623032699,1.2246395026090473,1.216372849894029
GBR,53,1.1042097284909551,1.1789032002016473,1.216372849894029
GBR,55T56,1.198768644641829,1.214024208265743,1.216372849894029
GBR,58T60,1.1646693695873318,1.173226339018708,1.216372849894029
GBR,61,1.1389112706518634,1.159245160406485,1.216372849894029
GBR,62T63,1.114934487455539,1.1590341351735227,1.216372849894029
GBR,64T66,1.0701280536796909,1.1689481690602022,1.216372849894029
GBR,68,1.194703100910886,1.1481418400901389,1.216372849894029
GBR,69T75,1.1057212876952147,1.1687539957890534,1.216372849894029
GBR,77T82,1.104276318961296,1.18963469158405,1.216372849894029
GBR,84,1.1927188305565526,1.1746826234817287,1.216372849894029
GBR,85,1.184526848404997,1.1619471877588305,1.216372849894029
GBR,86T88,1.203239124121084,1.1766183667719736,1.216372849894029
GBR,90T93,1.1740658917196725,1.180191880727119,1.216372849894029
GBR,94T98,1.1975002507239432,1.1586461388656777,1.216372849894029
GRC,01T02,1.3247614327194714,1.334547276167318,1.2642429803468407
GRC,03,1.2120348527646538,1.1746172726317452,1.2642429803468407
GRC,05T06,0.018749322156605835,1.25234826260022,1.2642429803468407
GRC,07T08,0.6811416381895694,1.2569508219529995,1.2642429803468407
GRC,10T12,1.2206246242875045,1.448104514646373,1.2642429803468407
GRC,13T15,0.922290784745856,1.3072442330052378,1.2642429803468407
GRC,16,1.3468097719102492,1.3568823984912446,1.2642429803468407
GRC,17T18,1.2345461698841844,1.278630926939125,1.2642429803468407
GRC,19,0.585902037984846,1.6290883935191882,1.2642429803468407
GRC,20,1.0626615793683818,1.3248286011736041,1.2642429803468407
GRC,21,1.3220885433722864,1.2460453070302424,1.2642429803468407
GRC,22,1.1460636121002525,1.3630075351846616,1.2642429803468407
GRC,23,0.11554043804349924,1.602249397234387,1.2642429803468407
GRC,24,0.6042110611865065,1.8121512490474885,1.2642429803468407
GRC,25,1.0126951864470848,1.4165943313175122,1.2642429803468407
GRC,26,1.1625382596440121,1.2589284984641127,1.2642429803468407
GRC,27,0.8874278213741661,1.5391569304132087,1.2642429803468407
GRC,28,1.0668481019426845,1.3389867673224052,1.2642429803468407
GRC,29T30,1.050000319513289,1.2759518898759161,1.2642429803468407
GRC,31T33,1.2076105764221103,1.288987907661056,1.2642429803468407
GRC,35,0.3245835702350655,1.620825586615367,1.2642429803468407
GRC,36T39,1.1885545383943263,1.542844625829446,1.2642429803468407
GRC,41T43,1.1916863198787708,1.4412594061354884,1.2642429803468407
GRC,45T47,1.0983251974056494,1.1810703805995666,1.2642429803468407
GRC,49,1.1544508115801961,1.246274734366025,1.2642429803468407
GRC,50,0.16610561880126556,1.746157014622342,1.2642429803468407
GRC,51,1.050363100638423,1.311690956661216,1.2642429803468407
GRC,52,0.8800976218740022,1.276861471085328,1.2642429803468407
GRC,53,1.0175859840005206,1.2216984371087751,1.2642429803468407
GRC,55T56,1.1886108812015796,1.2692989794780902,1.2642429803468407
GRC,58T60,1.116043289529404,1.2092114828248504,1.2642429803468407
GRC,61,1.2004573114713895,1.1749026853419315,1.2642429803468407
GRC,62T63,1.1152253863567585,1.1621495589832422,1.2642429803468407
GRC,64T66,1.1584968292377906,1.1214663364458062,1.2642429803468407
GRC,68,1.1968109614121463,1.1221409481236124,1.2642429803468407
GRC,69T75,1.089912723272334,1.1570858396607064,1.2642429803468407
GRC,77T82,1.1650727119967987,1.196885882544331,1.2642429803468407
GRC,84,1.2406106530030385,1.1431811673578451,1.2642429803468407
GRC,85,1.2474793816226282,1.1322177322873255,1.2642429803468407
GRC,86T88,1.248180357231918,1.1813302009325621,1.2642429803468407
GRC,90T93,1.2094520471197412,1.1911093697403468,1.2642429803468407
GRC,94T98,1.2139479405347242,1.2178929433993506,1.2642429803468407
HRV,01T02,0.5992037975492976,1.3679769982376095,1.2880530563154944
HRV,03,0.9573236291729128,1.3516215793546433,1.2880530563154944
HRV,05T06,0.11889660653405745,1.5170447931991407,1.2880530563154944
HRV,07T08,0.9358343219015164,1.3378814316304493,1.2880530563154944
HRV,10T12,1.189705839562965,1.4289753503433287,1.2880530563154944
HRV,13T15,1.1061256658737983,1.279690598050408,1.2880530563154944
HRV,16,1.3016072236122886,1.3835284986621408,1.2880530563154944
HRV,17T18,1.0612943624584257,1.323110512086591,1.2880530563154944
HRV,19,0.8749526714821018,1.491869801563779,1.2880530563154944
HRV,20,0.03194388737764954,1.4272012307062842,1.2880530563154944
HRV,21,0.9221661709569772,1.2589311167486799,1.2880530563154944
HRV,22,1.360980954733707,1.336373608249726,1.2880530563154944
HRV,23,0.255197686433537,1.3310684051921182,1.2880530563154944
HRV,24,1.8554107678426175,1.4141281545108093,1.2880530563154944
HRV,25,1.2931085806700715,1.280029957509465,1.2880530563154944
HRV,26,1.243657789418074,1.182760666106255,1.2880530563154944
HRV,27,1.271352219746001,1.2826022563793973,1.2880530563154944
HRV,28,1.2439836288626214,1.258482709699119,1.2880530563154944
HRV,29T30,1.1708311059848118,1.2764544096419934,1.2880530563154944
HRV,31T33,1.2551826020355317,1.351132349115832,1.2880530563154944
HRV,35,0.8461045466749452,1.2815098478851785,1.2880530563154944
HRV,36T39,1.1596496782329389,1.2498463894183474,1.2880530563154944
HRV,41T43,1.0974654087183395,1.3650761647414786,1.2880530563154944
HRV,45T47,1.100750483049706,1.2418085599844995,1.2880530563154944
HRV,49,1.004764494132389,1.229640418863367,1.2880530563154944
HRV,50,0.1495425784244087,1.3961405751864273,1.2880530563154944
HRV,51,2.276282066810434,1.2403259663563293,1.2880530563154944
HRV,52,1.0951650031852915,1.2880197841263694,1.2880530563154944
HRV,53,1.135036085295374,1.1987371688631667,1.2880530563154944
HRV,55T56,1.2299408777899032,1.2429116707794814,1.2880530563154944
HRV,58T60,1.0818205462626491,1.1934314921707503,1.2880530563154944
HRV,61,1.187814129189645,1.1825793855986868,1.2880530563154944
HRV,62T63,1.0664824558156152,1.1735863409810874,1.2880530563154944
HRV,64T66,1.1234285004994715,1.1521850223833838,1.2880530563154944
HRV,68,1.2322301706349748,1.2275672237525155,1.2880530563154944
HRV,69T75,1.0741317638651127,1.2056940607757383,1.2880530563154944
HRV,77T82,1.1428483068596884,1.2272347417728688,1.2880530563154944
HRV,84,1.236224047393538,1.2023656155647886,1.2880530563154944
HRV,85,1.2461895780856265,1.1633462023227008,1.2880530563154944
HRV,86T88,1.2505706755681847,1.2119125343224293,1.2880530563154944
HRV,90T93,1.209718977106686,1.2202930776321868,1.2880530563154944
HRV,94T98,1.1997200547278313,1.2112887365248837,1.2880530563154944
HUN,01T02,0.3968851051107561,1.4209347482821906,1.2363895157882236
HUN,03,0.915856838957129,1.3264302494377183,1.2363895157882236
HUN,05T06,0.041028711010640796,1.3204026168251548,1.2363895157882236
HUN,07T08,0.7718378859099705,1.4427674193403457,1.2363895157882236
HUN,10T12,0.904650935479205,1.6102398813652115,1.2363895157882236
HUN,13T15,1.1816653463747666,1.2393142732977172,1.2363895157882236
HUN,16,1.0436497902893638,1.4154693849448015,1.2363895157882236
HUN,17T18,0.933960505448797,1.2880862193207403,1.2363895157882236
HUN,19,0.9260914221282557,1.4776765946306634,1.2363895157882236
HUN,20,0.3227603858311131,1.4099864295449471,1.2363895157882236
HUN,21,0.9042004279895732,1.2195247705832868,1.2363895157882236
HUN,22,1.3982462682820007,1.3512072571097788,1.2363895157882236
HUN,23,0.6962661078012177,1.434003088007476,1.2363895157882236
HUN,24,1.1376159389071248,1.4943859778225999,1.2363895157882236
HUN,25,1.1556071438568993,1.3549460776544506,1.2363895157882236
HUN,26,1.175110914332714,1.22806926859492,1.2363895157882236
HUN,27,1.1536084265061317,1.3371447553620635,1.2363895157882236
HUN,28,1.1582505824970533,1.2806361887429571,1.2363895157882236
HUN,29T30,1.2164228476675571,1.2662810413755352,1.2363895157882236
HUN,31T33,1.4434233663140903,1.223224725313584,1.2363895157882236
HUN,35,0.16743442760036456,1.3056325745657489,1.2363895157882236
HUN,36T39,1.0915626500326165,1.2189461556207748,1.2363895157882236
HUN,41T43,1.1520890457917692,1.2994153756136264,1.2363895157882236
HUN,45T47,1.0028625826376214,1.2008022532088127,1.2363895157882236
HUN,49,0.7963311552141332,1.2178159962671138,1.2363895157882236
HUN,50,0.19748621396842636,1.2959817827891305,1.2363895157882236
HUN,51,0.4248512885417553,1.295739124544113,1.2363895157882236
HUN,52,1.003964272715244,1.1763599343447915,1.2363895157882236
HUN,53,1.1594943415817767,1.1474302638950642,1.2363895157882236
HUN,55T56,1.156676948082308,1.27523626423241,1.2363895157882236
HUN,58T60,1.1540604336264406,1.155594995491744,1.2363895157882236
HUN,61,1.180704921418992,1.1203122852407843,1.2363895157882236
HUN,62T63,1.1398626316463318,1.1055350292894661,1.2363895157882236
HUN,64T66,1.1074882018283723,1.105586491516667,1.2363895157882236
HUN,68,1.162020625659029,1.1242617409414275,1.2363895157882236
HUN,69T75,1.1074856741920625,1.1371880939462977,1.2363895157882236
HUN,77T82,1.0622824503811255,1.164737293344861,1.2363895157882236
HUN,84,1.197830183083511,1.1229489874114007,1.2363895157882236
HUN,85,1.2081576301313688,1.1125176146700897,1.2363895157882236
HUN,86T88,1.2052314226327299,1.154782838584798,1.2363895157882236
HUN,90T93,1.185475070108141,1.1730183061376906,1.2363895157882236
HUN,94T98,1.161387876799212,1.143909582832567,1.2363895157882236
IDN,01T02,0.053155975815034326,0.9753236006354965,1.0153329844447196
IDN,03,1.002057939380905,0.8071570652086891,1.0153329844447196
IDN,05T06,0.17410463413581223,1.1180347301651732,1.0153329844447196
IDN,07T08,0.6438602623032658,0.9211950493728926,1.0153329844447196
IDN,10T12,0.8707356404048417,1.7935391135332515,1.0153329844447196
IDN,13T15,1.7965669405092035,0.9981039994532892,1.0153329844447196
IDN,16,0.49491956736251147,1.7262519449813611,1.0153329844447196
IDN,17T18,0.6806063845538951,1.2150657440734074,1.0153329844447196
IDN,19,0.47363962566116385,1.5449752356850226,1.0153329844447196
IDN,20,0.31006183361799633,1.361999987297751,1.0153329844447196
IDN,21,0.6282149988909931,1.3015743792136303,1.0153329844447196
IDN,22,0.18677347867578775,1.8708731954856237,1.0153329844447196
IDN,23,0.11850816115269253,1.424190624452765,1.0153329844447196
IDN,24,0.9043537418164465,1.137491090524507,1.0153329844447196
IDN,25,0.8640123160301031,1.2995430476006589,1.0153329844447196
IDN,26,1.093124017175967,1.1697161835609768,1.0153329844447196
IDN,27,1.188609713882702,1.1982630850320866,1.0153329844447196
IDN,28,0.8942825048792703,1.2775662911821255,1.0153329844447196
IDN,29T30,1.3191658407927043,0.9910613999736257,1.0153329844447196
IDN,31T33,0.22620125690301238,1.209728687023345,1.0153329844447196
IDN,35,0.08529581127737969,3.026631626404147,1.0153329844447196
IDN,36T39,0.9218471816483763,1.102400370665512,1.0153329844447196
IDN,41T43,0.9196349033585106,1.2153756403392686,1.0153329844447196
IDN,45T47,0.9138439469208727,0.9143673564543052,1.0153329844447196
IDN,49,0.5877100343522434,0.9568600210532,1.0153329844447196
IDN,50,0.18112356072755278,1.1829085063785059,1.0153329844447196
IDN,51,0.8491085286747766,1.0333883754082567,1.0153329844447196
IDN,52,0.9422543223193923,0.9930322025923702,1.0153329844447196
IDN,53,0.9714371653410768,1.0180840926345391,1.0153329844447196
IDN,55T56,1.0026663810512466,1.2127981341092997,1.0153329844447196
IDN,58T60,0.9919347072357005,1.0304917537716156,1.0153329844447196
IDN,61,0.9503306489132824,0.8553065620843224,1.0153329844447196
IDN,62T63,0.9453828669522851,1.0152911439540917,1.0153329844447196
IDN,64T66,0.8979021258322246,0.7952896476930076,1.0153329844447196
IDN,68,1.0049387814558732,0.8282400972008402,1.0153329844447196
IDN,69T75,1.9582365972305005,0.8582177696783242,1.0153329844447196
IDN,77T82,0.9284899033509121,0.8519540072103826,1.0153329844447196
IDN,84,0.9659709202072672,0.9691687703699833,1.0153329844447196
IDN,85,1.0043156338420687,0.8732135404676875,1.0153329844447196
IDN,86T88,0.9831718309123544,1.0512852832775414,1.0153329844447196
IDN,90T93,1.0942034232277797,0.9268819969785043,1.0153329844447196
IDN,94T98,0.9908862928500933,0.8683131646013821,1.0153329844447196
IND,01T02,0.4591427348862616,1.0075127984258205,1.1164594784651911
IND,03,1.1131645514733706,0.910120547055342,1.1164594784651911
IND,05T06,0.2082348140945676,1.0780565236337016,1.1164594784651911
IND,07T08,0.20407638073380222,1.210497094951531,1.1164594784651911
IND,10T12,1.0630881990265522,1.6166849056274388,1.1164594784651911
IND,13T15,0.9363111351428816,1.3064649659576724,1.1164594784651911
IND,16,1.1720075463705752,1.220279597641232,1.1164594784651911
IND,17T18,0.8103832905213689,1.2673704044468077,1.1164594784651911
IND,19,0.45429701764077485,1.4698124026962425,1.1164594784651911
IND,20,0.5927753643762717,1.3703296237151472,1.1164594784651911
IND,21,1.0110863028466026,1.1002717530019699,1.1164594784651911
IND,22,0.19013586297964444,1.3905054094578504,1.1164594784651911
IND,23,0.25444814699046403,1.3875613602184214,1.1164594784651911
IND,24,0.01658911513681574,1.5714070893018228,1.1164594784651911
IND,25,0.8323080066403787,1.4354689834465353,1.1164594784651911
IND,26,0.9214126754803629,1.4171183116094548,1.1164594784651911
IND,27,0.8864013462879522,1.604309033439458,1.1164594784651911
IND,28,0.8795114007275112,1.4290108940556072,1.1164594784651911
IND,29T30,0.9528727906366606,1.5626467265635187,1.1164594784651911
IND,31T33,0.08540691867460762,1.3774290511078702,1.1164594784651911
IND,35,0.11813965708968087,1.2383446913964222,1.1164594784651911
IND,36T39,0.7957728348578272,1.1576223848239537,1.1164594784651911
IND,41T43,1.056479624684762,1.4129187561070817,1.1164594784651911
IND,45T47,0.9319599315340337,0.9568080929313094,1.1164594784651911
IND,49,0.6995081151536922,1.12969518693657,1.1164594784651911
IND,50,0.2967077554968796,1.1710331131920246,1.1164594784651911
IND,51,0.3892113997594962,1.3658666555552794,1.1164594784651911
IND,52,0.7064574872998537,1.20447734942577,1.1164594784651911
IND,53,0.7366923621067218,1.0092469730693465,1.1164594784651911
IND,55T56,0.9040677174337849,1.4854477149873415,1.1164594784651911
IND,58T60,0.9816352413458187,1.143556456602364,1.1164594784651911
IND,61,0.8067912259405537,1.344988430279539,1.1164594784651911
IND,62T63,1.3818324910735915,0.9401449607857263,1.1164594784651911
IND,64T66,0.9552513636113414,1.0389151311411073,1.1164594784651911
IND,68,1.0639429105442897,0.9062672561966298,1.1164594784651911
IND,69T75,0.851573243693896,1.0714816632167166,1.1164594784651911
IND,77T82,0.8164015365541333,1.0356571436455149,1.1164594784651911
IND,84,1.1016972968036183,1.0090932215060133,1.1164594784651911
IND,85,1.0922689318220855,0.9169932591406414,1.1164594784651911
IND,86T88,1.1034673003654105,0.9786785225082305,1.1164594784651911
IND,90T93,1.0952829722990105,1.0249816675480792,1.1164594784651911
IND,94T98,1.0448377566180238,1.0912958417689176,1.1164594784651911
IRL,01T02,0.10254591062449106,1.453058918979715,1.4539900475285008
IRL,03,0.7980118111042686,1.4449466868262542,1.4539900475285008
IRL,05T06,0.027119034858076554,1.5241230492625075,1.4539900475285008
IRL,07T08,0.752892235206669,1.5560497729175662,1.4539900475285008
IRL,10T12,1.2254985056271317,1.455762578576942,1.4539900475285008
IRL,13T15,0.7086257317397164,1.2688406803164136,1.4539900475285008
IRL,16,0.8982676736968886,1.5336928087351125,1.4539900475285008
IRL,17T18,1.3638781604663603,1.266005810642391,1.4539900475285008
IRL,19,2.2918250167025787,1.3297729160618705,1.4539900475285008
IRL,20,2.344898917223649,1.28376314191516,1.4539900475285008
IRL,21,1.4582533128152397,1.2441322572576676,1.4539900475285008
IRL,22,1.7368650042504665,1.308459691157263,1.4539900475285008
IRL,23,0.5335833499984272,1.4280630350396741,1.4539900475285008
IRL,24,0.5374166433649514,1.3954234734556783,1.4539900475285008
IRL,25,1.3214034443723945,1.298409662884119,1.4539900475285008
IRL,26,0.9387106317110826,1.2826798868307985,1.4539900475285008
IRL,27,1.217934343448543,1.3158293875575966,1.4539900475285008
IRL,28,0.9839791518713646,1.3011923416514994,1.4539900475285008
IRL,29T30,1.203647806769528,1.30246187976206,1.4539900475285008
IRL,31T33,1.5829397274937818,1.2691929100867718,1.4539900475285008
IRL,35,0.6530235155426766,1.299768610591436,1.4539900475285008
IRL,36T39,1.3116090745769227,1.2884650960621293,1.4539900475285008
IRL,41T43,1.3377031805863877,1.3499115298106354,1.4539900475285008
IRL,45T47,0.9961067326134939,1.2705814912567588,1.4539900475285008
IRL,49,1.2540856912107934,1.288244082358914,1.4539900475285008
IRL,50,0.6377324483218143,1.448806937349709,1.4539900475285008
IRL,51,0.04128880495901278,1.3270744584691088,1.4539900475285008
IRL,52,1.0775285374005015,1.2837432014384023,1.4539900475285008
IRL,53,1.0919717326456067,1.2663313284856343,1.4539900475285008
IRL,55T56,1.3034000658319929,1.2865518095323125,1.4539900475285008
IRL,58T60,1.0680067650923153,1.2423593689777186,1.4539900475285008
IRL,61,1.0834466251352175,1.2626415118740704,1.4539900475285008
IRL,62T63,0.9810827949883495,1.2374345549961612,1.4539900475285008
IRL,64T66,0.9251254775806719,1.2327189418799596,1.4539900475285008
IRL,68,1.217840121289674,1.2503553920031594,1.4539900475285008
IRL,69T75,0.9800193396061133,1.2555746723593857,1.4539900475285008
IRL,77T82,0.9819932515868739,1.2595800420596839,1.4539900475285008
IRL,84,1.3975148702895357,1.2736050707221689,1.4539900475285008
IRL,85,1.3680383507868616,1.2603563344299713,1.4539900475285008
IRL,86T88,1.4117319425707713,1.2648603799746065,1.4539900475285008
IRL,90T93,1.2212038627027442,1.2771566736714701,1.4539900475285008
IRL,94T98,1.311095349559246,1.2561057281428907,1.4539900475285008
ISL,01T02,0.5739465727860887,1.31242932421586,1.2123751236345213
ISL,03,0.6853592887465206,1.2083108402022953,1.2123751236345213
ISL,05T06,1.0133859664150509,1.240201312113892,1.2123751236345213
ISL,07T08,0.9569044389123834,1.2262066377010385,1.2123751236345213
ISL,10T12,1.4808575094115406,1.3749740510628037,1.2123751236345213
ISL,13T15,1.237514456641783,1.2341052276998428,1.2123751236345213
ISL,16,2.059436067822502,1.30689841333018,1.2123751236345213
ISL,17T18,1.5200962345858142,1.2146995608630164,1.2123751236345213
ISL,19,1.699718496371307,1.171683818438371,1.2123751236345213
ISL,20,1.7822498148252865,1.284277603169182,1.2123751236345213
ISL,21,0.9509517151948077,1.417357144677393,1.2123751236345213
ISL,22,1.6438492574272496,1.2769745019104748,1.2123751236345213
ISL,23,1.5429428127251525,1.2338458317301928,1.2123751236345213
ISL,24,0.33112113921116204,1.4348828207344912,1.2123751236345213
ISL,25,1.3006483943471119,1.2800561712523901,1.2123751236345213
ISL,26,1.1777803030254643,1.2364426073852643,1.2123751236345213
ISL,27,0.9486727197407213,1.2752529595241333,1.2123751236345213
ISL,28,1.1933171070355009,1.2371028692487147,1.2123751236345213
ISL,29T30,1.115233515018017,1.240838704656143,1.2123751236345213
ISL,31T33,1.2896767457923668,1.2304767800314258,1.2123751236345213
ISL,35,0.9914222150349292,1.1750689499813316,1.2123751236345213
ISL,36T39,0.9571322879991025,1.1999842032099919,1.2123751236345213
ISL,41T43,1.186550603189667,1.2368203123599373,1.2123751236345213
ISL,45T47,1.0718167783513686,1.245447337463364,1.2123751236345213
ISL,49,1.0749345162090966,1.23638437227199,1.2123751236345213
ISL,50,0.6090397976941849,1.3138367099252437,1.2123751236345213
ISL,51,0.6002475437884776,1.3605901770325017,1.2123751236345213
ISL,52,0.9440716376228565,1.1984385568616356,1.2123751236345213
ISL,53,1.0989367630416014,1.1723233477633948,1.2123751236345213
ISL,55T56,1.273593433455475,1.2047734349181465,1.2123751236345213
ISL,58T60,1.0880636187347146,1.1921542829199039,1.2123751236345213
ISL,61,1.0701950011998151,1.1665786523702835,1.2123751236345213
ISL,62T63,1.1096663608557513,1.1483934518579448,1.2123751236345213
ISL,64T66,1.054706215808615,1.1409227295570716,1.2123751236345213
ISL,68,1.1990842936668193,1.1389162037759069,1.2123751236345213
ISL,69T75,1.1141065814051694,1.1531715098861188,1.2123751236345213
ISL,77T82,1.1097957525192699,1.2438821553869543,1.2123751236345213
ISL,84,1.2001701092510946,1.156932101665745,1.2123751236345213
ISL,85,1.21029384637326,1.1396268300213952,1.2123751236345213
ISL,86T88,1.2089345481807325,1.1434533071750708,1.2123751236345213
ISL,90T93,1.2210340342713069,1.1598926219687413,1.2123751236345213
ISL,94T98,1.191452181104419,1.1579777749505198,1.2123751236345213
ISR,01T02,3.125683550360908,1.4836731813984143,1.3377115933494645
ISR,03,1.199348480882217,1.3764460117096153,1.3377115933494645
ISR,05T06,0.03992079300803484,1.3305353435159517,1.3377115933494645
ISR,07T08,0.7773730594892132,1.295507876416549,1.3377115933494645
ISR,10T12,1.4063907354129628,1.4140512540857195,1.3377115933494645
ISR,13T15,0.8713556861483729,1.3227839615944978,1.3377115933494645
ISR,16,1.6306020075513323,1.3341365214403955,1.3377115933494645
ISR,17T18,1.4134601445875472,1.3194143285543765,1.3377115933494645
ISR,19,1.0369912111210706,1.5508520752967083,1.3377115933494645
ISR,20,1.8438818562818553,1.3464128203056809,1.3377115933494645
ISR,21,1.3163798677744016,1.302098363580715,1.3377115933494645
ISR,22,0.6693074958961347,1.3885032173031675,1.3377115933494645
ISR,23,0.8326418319296273,1.4464166567643115,1.3377115933494645
ISR,24,3.8290458284414233,1.5245640741641329,1.3377115933494645
ISR,25,1.3788723953555426,1.339697506418368,1.3377115933494645
ISR,26,1.1905855763948112,1.2701486130892599,1.3377115933494645
ISR,27,1.2797840394016085,1.3194939640953383,1.3377115933494645
ISR,28,1.2076446326809647,1.3112524947517497,1.3377115933494645
ISR,29T30,1.1879658683786156,1.3186924698369658,1.3377115933494645
ISR,31T33,0.5632687573998988,1.2699083197072585,1.3377115933494645
ISR,35,0.4272191899160269,1.4927011430188255,1.3377115933494645
ISR,36T39,1.3234202912874637,1.3506290141485937,1.3377115933494645
ISR,41T43,1.317530930740441,1.3399322241244846,1.3377115933494645
ISR,45T47,1.1501787200046396,1.2568341667111,1.3377115933494645
ISR,49,1.0652637218200007,1.320121797068817,1.3377115933494645
ISR,50,0.5536933660049462,1.4170151784163585,1.3377115933494645
ISR,51,1.2976051918729157,1.3661941472371435,1.3377115933494645
ISR,52,0.9598331539336258,1.2846384471689118,1.3377115933494645
ISR,53,1.223834521826031,1.2645467077496537,1.3377115933494645
ISR,55T56,1.2027814859648438,1.3401018544982846,1.3377115933494645
ISR,58T60,1.01903024152782,1.2590378665904525,1.3377115933494645
ISR,61,1.1895836665192516,1.2422067369678793,1.3377115933494645
ISR,62T63,0.9269958205365896,1.2353248121860958,1.3377115933494645
ISR,64T66,1.0963870506967683,1.2472634753017298,1.3377115933494645
ISR,68,1.2948403707894771,1.2368333676239325,1.3377115933494645
ISR,69T75,1.1819633728149554,1.2510138887618385,1.3377115933494645
ISR,77T82,1.2138303723887953,1.2368035562524862,1.3377115933494645
ISR,84,1.3168267838284047,1.2917209281067656,1.3377115933494645
ISR,85,1.32528365609506,1.2514631249476051,1.3377115933494645
ISR,86T88,1.3290927168994187,1.257334372334356,1.3377115933494645
ISR,90T93,1.2915310233911172,1.2419332611306797,1.3377115933494645
ISR,94T98,1.2853386795492856,1.3016078687914898,1.3377115933494645
ITA,01T02,1.1783767032328283,1.342101382504714,1.329246068968673
ITA,03,0.8774986212129667,1.3267753817018628,1.329246068968673
ITA,05T06,0.4998024847670901,1.3305592900190841,1.329246068968673
ITA,07T08,1.0773583563506326,1.2258801928073981,1.329246068968673
ITA,10T12,1.3161059024775403,1.4481419391963746,1.329246068968673
ITA,13T15,1.107329413993297,1.2882880207331555,1.329246068968673
ITA,16,1.3876434159977915,1.3713336992629823,1.329246068968673
ITA,17T18,1.1882088307253955,1.3388987869240416,1.329246068968673
ITA,19,0.9912408117043066,1.6040572551396235,1.329246068968673
ITA,20,1.2234683908700783,1.4413552725086791,1.329246068968673
ITA,21,1.1338015331121767,1.3259669669950658,1.329246068968673
ITA,22,1.3923645068949801,1.3879928187300927,1.329246068968673
ITA,23,0.9825052707054756,1.4705594016074977,1.329246068968673
ITA,24,1.6965144726434478,1.5665505045884125,1.329246068968673
ITA,25,1.1874198578434993,1.3597282375680342,1.329246068968673
ITA,26,1.1291630765203764,1.320611580718732,1.329246068968673
ITA,27,1.1506370091037463,1.3635101038652733,1.329246068968673
ITA,28,1.1160424358676,1.329322970416004,1.329246068968673
ITA,29T30,1.1514607792818365,1.3253633791116453,1.329246068968673
ITA,31T33,1.3966753301903991,1.3218345660820878,1.329246068968673
ITA,35,0.5227585870093986,1.7202656634860856,1.329246068968673
ITA,36T39,1.26223214325922,1.3168810919746865,1.329246068968673
ITA,41T43,1.2769212980727231,1.3064040402087373,1.329246068968673
ITA,45T47,1.1249923136141957,1.2655454563457222,1.329246068968673
ITA,49,1.075906567169955,1.3220134780731778,1.329246068968673
ITA,50,0.28204918446601335,1.3403819626609543,1.329246068968673
ITA,51,0.9059479831371143,1.32100717310629,1.329246068968673
ITA,52,1.124776415829293,1.3021985205690245,1.329246068968673
ITA,53,1.091427323523749,1.3822244465740519,1.329246068968673
ITA,55T56,1.2417520274033336,1.3021642533865543,1.329246068968673
ITA,58T60,1.0926159859565308,1.2567272720975815,1.329246068968673
ITA,61,1.1602594780867337,1.24218255599625,1.329246068968673
ITA,62T63,1.154643976768834,1.232640027766475,1.329246068968673
ITA,64T66,1.1586580291407242,1.22461587242684,1.329246068968673
ITA,68,1.2737473550310858,1.214371774235352,1.329246068968673
ITA,69T75,1.165135162008675,1.2497298374404942,1.329246068968673
ITA,77T82,1.1667198330094293,1.2725016353646061,1.329246068968673
ITA,84,1.3020925294061756,1.2498993288411284,1.329246068968673
ITA,85,1.2976928157110372,1.2302484291664624,1.329246068968673
ITA,86T88,1.3075355824514674,1.2664181871300662,1.329246068968673
ITA,90T93,1.2469397795562125,1.2649317844544057,1.329246068968673
ITA,94T98,1.2877975998300752,1.2727633638586067,1.329246068968673
JPN,01T02,1.0828026541034121,1.3276786484152465,1.267799591440442
JPN,03,0.9083532699694977,1.256917985565768,1.267799591440442
JPN,05T06,0.2304769091524092,1.281782489361129,1.267799591440442
JPN,07T08,0.6571655929897218,1.3219845301267674,1.267799591440442
JPN,10T12,1.2769450074112465,1.3291138372290914,1.267799591440442
JPN,13T15,1.0982978543426132,1.268046661984371,1.267799591440442
JPN,16,1.3184798349682731,1.3391492573254957,1.267799591440442
JPN,17T18,0.9782117104267994,1.328436099380384,1.267799591440442
JPN,19,0.7243242741290389,1.589835097940333,1.267799591440442
JPN,20,0.8757792073894658,1.4361323166830378,1.267799591440442
JPN,21,0.9203416250160711,1.2948633545281723,1.267799591440442
JPN,22,1.4279996265186503,1.3459002152373698,1.267799591440442
JPN,23,0.6448240583573909,1.3107934254835114,1.267799591440442
JPN,24,0.958045730354596,1.5232022123321771,1.267799591440442
JPN,25,1.2011479019509084,1.4533534402475456,1.267799591440442
JPN,26,1.111333249138136,1.2884102811226945,1.267799591440442
JPN,27,1.2035417603602625,1.3396751968614438,1.267799591440442
JPN,28,1.1574487017441277,1.311015868158121,1.267799591440442
JPN,29T30,1.0425911373828727,1.3440312041223632,1.267799591440442
JPN,31T33,1.2376336887578667,1.2808998872726582,1.267799591440442
JPN,35,0.36672616027401655,1.6218442904479116,1.267799591440442
JPN,36T39,1.1759312390945769,1.1874032887149586,1.267799591440442
JPN,41T43,1.239041460496967,1.3237788464618023,1.267799591440442
JPN,45T47,1.0745240334948682,1.2231558577396453,1.267799591440442
JPN,49,1.1457685408006832,1.2176989316259723,1.267799591440442
JPN,50,0.32091650616518386,1.6280788699681787,1.267799591440442
JPN,51,0.6240320528071311,1.369343174284424,1.267799591440442
JPN,52,1.0729982024161164,1.2077431955421005,1.267799591440442
JPN,53,1.091144917050772,1.205871216657665,1.267799591440442
JPN,55T56,1.1847437289151794,1.2858382516114069,1.267799591440442
JPN,58T60,1.0963511891261777,1.2198820615792543,1.267799591440442
JPN,61,1.206032591417571,1.2038313558918883,1.267799591440442
JPN,62T63,1.0979815874161334,1.1897168441750887,1.267799591440442
JPN,64T66,1.1478407858682527,1.1840232479068933,1.267799591440442
JPN,68,1.2251713682675607,1.153949079719742,1.267799591440442
JPN,69T75,1.1006133306371153,1.1990059507028314,1.267799591440442
JPN,77T82,1.0663344727871218,1.1913867056839462,1.267799591440442
JPN,84,1.239925225004645,1.1959887214293508,1.267799591440442
JPN,85,1.2363389969732217,1.1827456342064717,1.267799591440442
JPN,86T88,1.2486860909838615,1.2121218968148786,1.267799591440442
JPN,90T93,1.1991193889458691,1.2489364001349164,1.267799591440442
JPN,94T98,1.2124226790135373,1.2280528748003954,1.267799591440442
KAZ,01T02,0.35202824966995827,0.9322202571835217,0.8659494792830216
KAZ,03,0.8457222096286028,0.736435291955826,0.8659494792830216
KAZ,05T06,0.3122020087925131,0.8436004068555802,0.8659494792830216
KAZ,07T08,0.12308166399782568,0.9815365787883096,0.8659494792830216
KAZ,10T12,1.0459159125296684,1.0692313205614645,0.8659494792830216
KAZ,13T15,1.1483730928048277,1.0118985153499398,0.8659494792830216
KAZ,16,0.19694140033863838,1.1611636439598407,0.8659494792830216
KAZ,17T18,1.1875521658706876,0.9222674590456632,0.8659494792830216
KAZ,19,0.3608821768821633,0.9846381372562838,0.8659494792830216
KAZ,20,0.2137731140652283,0.9942463253533892,0.8659494792830216
KAZ,21,0.2801919060266434,0.8101833671765899,0.8659494792830216
KAZ,22,0.510393629051347,1.0616191541622755,0.8659494792830216
KAZ,23,0.04848636997738064,1.0543896083552657,0.8659494792830216
KAZ,24,0.4040806847345876,0.9799913570388564,0.8659494792830216
KAZ,25,1.1853359284014446,1.0601253367979482,0.8659494792830216
KAZ,26,1.1016560285136412,0.9061316084018733,0.8659494792830216
KAZ,27,1.2726666623771212,1.007957612509173,0.8659494792830216
KAZ,28,1.0825654418946535,1.0035967062676816,0.8659494792830216
KAZ,29T30,1.511481822823269,0.864490825074106,0.8659494792830216
KAZ,31T33,1.0913625466395256,0.9534619940885031,0.8659494792830216
KAZ,35,0.023567463156128652,1.00650547885001,0.8659494792830216
KAZ,36T39,0.7822800223059292,1.0443310191639097,0.8659494792830216
KAZ,41T43,0.7675867637313432,1.0502562196702583,0.8659494792830216
KAZ,45T47,0.981331986487853,0.7791907505422805,0.8659494792830216
KAZ,49,0.625311602580327,0.8522549915854534,0.8659494792830216
KAZ,50,1.9372113755643716,0.9583714090404498,0.8659494792830216
KAZ,51,0.8627874224422386,0.8351434608337656,0.8659494792830216
KAZ,52,1.0992141541339666,0.8073743677956567,0.8659494792830216
KAZ,53,1.0421759876273302,0.7921958046884472,0.8659494792830216
KAZ,55T56,1.2003900957551994,0.8645828257674634,0.8659494792830216
KAZ,58T60,0.9954572945040467,0.8852556640845551,0.8659494792830216
KAZ,61,0.9007190399085011,0.824428544030016,0.8659494792830216
KAZ,62T63,0.8803753471023466,0.8287118354208513,0.8659494792830216
KAZ,64T66,0.8054521547821923,0.7784971549422355,0.8659494792830216
KAZ,68,0.8075157083161585,0.7930167025935434,0.8659494792830216
KAZ,69T75,0.8191076070706379,0.8742890471960743,0.8659494792830216
KAZ,77T82,0.8373221446607372,0.8233694416427205,0.8659494792830216
KAZ,84,0.7361878702443211,1.0005042077106112,0.8659494792830216
KAZ,85,0.8126965345584665,0.9652556855072278,0.8659494792830216
KAZ,86T88,0.80113640261177,0.9968342522150797,0.8659494792830216
KAZ,90T93,0.7921780854371346,1.0085165670694227,0.8659494792830216
KAZ,94T98,0.8118394920288492,0.9785739983436411,0.8659494792830216
KHM,01T02,0.012564369625530106,1.192068907745447,1.2334687922698808
KHM,03,1.0643491357958972,0.9813609048276043,1.2334687922698808
KHM,05T06,1.2873101889677883,1.0651228355724145,1.2334687922698808
KHM,07T08,0.8974911887472239,1.0964196725677828,1.2334687922698808
KHM,10T12,0.7469649548810777,1.9553930646685327,1.2334687922698808
KHM,13T15,1.5037943963009504,1.1983870421425868,1.2334687922698808
KHM,16,0.842207042445744,1.423140543934049,1.2334687922698808
KHM,17T18,1.0192207228427634,1.4271954018001003,1.2334687922698808
KHM,19,0.0021059678714842834,1.2461247723362978,1.2334687922698808
KHM,20,1.9317463542446645,1.4865345714658629,1.2334687922698808
KHM,21,1.848835462963853,1.156187229558774,1.2334687922698808
KHM,22,0.23910507218397745,1.7135454527983254,1.2334687922698808
KHM,23,0.005852899650065146,1.3086100890189833,1.2334687922698808
KHM,24,11.182739213593658,1.2093337300904912,1.2334687922698808
KHM,25,2.446016203020025,1.19998835732562,1.2334687922698808
KHM,26,1.2713790862161487,1.147208486618146,1.2334687922698808
KHM,27,1.6122682201204876,1.196202658417683,1.2334687922698808
KHM,28,1.5932287836909325,1.139970450193246,1.2334687922698808
KHM,29T30,1.2822185809689666,1.1864028488231584,1.2334687922698808
KHM,31T33,0.1871901606543727,1.2113074537829749,1.2334687922698808
KHM,35,0.13283884587329656,1.483041335655708,1.2334687922698808
KHM,36T39,1.0243540481005817,1.3600299717011588,1.2334687922698808
KHM,41T43,1.1665900186477998,1.1580165389738954,1.2334687922698808
KHM,45T47,0.8648525636466565,1.170306127999466,1.2334687922698808
KHM,49,0.4256580665867654,1.1352971002777252,1.2334687922698808
KHM,50,0.8859880890162862,1.223637283014498,1.2334687922698808
KHM,51,0.11478938635811392,1.267978802946776,1.2334687922698808
KHM,52,1.0621044027486046,1.1024875705352482,1.2334687922698808
KHM,53,1.1904475482496533,1.1191575457118677,1.2334687922698808
KHM,55T56,0.8588647547995393,1.546791162807399,1.2334687922698808
KHM,58T60,0.9317722513574224,1.1739252746861304,1.2334687922698808
KHM,61,1.0653162576244586,1.124532219699603,1.2334687922698808
KHM,62T63,0.8105322471016323,1.2012561617407624,1.2334687922698808
KHM,64T66,1.1607434306298077,1.0199647046338498,1.2334687922698808
KHM,68,1.0823237238228063,1.1508886816604549,1.2334687922698808
KHM,69T75,0.9845622176214711,1.1908266309098068,1.2334687922698808
KHM,77T82,1.0083100721356164,1.1803528163655563,1.2334687922698808
KHM,84,1.1112246822531064,1.2411379796781064,1.2334687922698808
KHM,85,1.1653443957472727,1.0726459050572532,1.2334687922698808
KHM,86T88,1.1849909180861615,1.1051938662815557,1.2334687922698808
KHM,90T93,1.0991506132415825,1.1093381324868234,1.2334687922698808
KHM,94T98,1.1361409305515429,1.086050766842662,1.2334687922698808
KOR,01T02,1.1084184764587754,1.2198205379821607,1.226215417815724
KOR,03,0.7912017424613024,1.2760732518519378,1.226215417815724
KOR,05T06,0.020365007350326373,1.1860035503417712,1.226215417815724
KOR,07T08,0.5838585980979422,1.274346210811278,1.226215417815724
KOR,10T12,1.19992147669229,1.3911914668978984,1.226215417815724
KOR,13T15,0.9737835830737773,1.3229961917461857,1.226215417815724
KOR,16,1.245092292764349,1.3785939340446403,1.226215417815724
KOR,17T18,0.9238299815801437,1.346799254931994,1.226215417815724
KOR,19,0.6916780679469101,1.531711095624426,1.226215417815724
KOR,20,0.9320513759298946,1.4908792950017067,1.226215417815724
KOR,21,1.1233321442866755,1.2925016063882675,1.226215417815724
KOR,22,1.076551453767453,1.3849115171172401,1.226215417815724
KOR,23,0.5187942682902554,1.5728606701175707,1.226215417815724
KOR,24,0.39793832885769614,1.75446635274533,1.226215417815724
KOR,25,1.077852101882458,1.4317406234613776,1.226215417815724
KOR,26,1.058297931718051,1.2455340887256543,1.226215417815724
KOR,27,1.0913296048296635,1.3720883792224905,1.226215417815724
KOR,28,1.0886855601394563,1.337473757248711,1.226215417815724
KOR,29T30,0.9937380290864656,1.36220755350793,1.226215417815724
KOR,31T33,1.1180801036459935,1.3095546519107875,1.226215417815724
KOR,35,0.20518592895668675,1.8241162910867443,1.226215417815724
KOR,36T39,0.9611973795953729,1.2576671206336854,1.226215417815724
KOR,41T43,1.1915491350500025,1.375660582388937,1.226215417815724
KOR,45T47,0.9440350875030225,1.1904261170123378,1.226215417815724
KOR,49,0.7093095107417554,1.2904508467880602,1.226215417815724
KOR,50,0.43936002676169983,1.4619371564722012,1.226215417815724
KOR,51,0.31758092440107577,1.308618638378827,1.226215417815724
KOR,52,0.8359472665092851,1.21455675526522,1.226215417815724
KOR,53,0.7567697281515814,1.2627573297887456,1.226215417815724
KOR,55T56,1.0894197615936483,1.2873858108384755,1.226215417815724
KOR,58T60,1.0573661006120023,1.1520318382990153,1.226215417815724
KOR,61,1.0452275435155582,1.1788450892208941,1.226215417815724
KOR,62T63,1.0487710987109937,1.1140689091239724,1.226215417815724
KOR,64T66,1.098018279767075,1.100931709244339,1.226215417815724
KOR,68,1.1695023516730654,1.0968793860321164,1.226215417815724
KOR,69T75,0.9919732687288846,1.2261791047119144,1.226215417815724
KOR,77T82,1.0087391860794206,1.119576917209596,1.226215417815724
KOR,84,1.1907212795943365,1.1122228188908225,1.226215417815724
KOR,85,1.181865312540762,1.1565161859681279,1.226215417815724
KOR,86T88,1.1823615191643986,1.201856977772313,1.226215417815724
KOR,90T93,1.1213713008310735,1.2243576366833202,1.226215417815724
KOR,94T98,1.1091252079929126,1.238231437376967,1.226215417815724
LAO,01T02,0.05498885442221573,1.3898497286158586,1.309042889044296
LAO,03,0.7831994478091442,1.0802990986631307,1.309042889044296
LAO,05T06,0.8343170592420249,1.3063968902385499,1.309042889044296
LAO,07T08,0.5623892040446309,1.3645257528189023,1.309042889044296
LAO,10T12,0.4539918897408385,2.9375067868656046,1.309042889044296
LAO,13T15,1.2176769545895898,1.2162371055863315,1.309042889044296
LAO,16,0.4721267550869469,2.491823417354728,1.309042889044296
LAO,17T18,0.20540135579899121,2.310250385466398,1.309042889044296
LAO,19,0.8132883812314058,1.4349044549120273,1.309042889044296
LAO,20,2.0209376250813538,1.4117602512679597,1.309042889044296
LAO,21,0.9244380134455268,1.3120264854246149,1.309042889044296
LAO,22,0.14986879148208243,1.5657023516384394,1.309042889044296
LAO,23,0.509272889653215,1.5416170401287568,1.309042889044296
LAO,24,9.396949144757441,1.3961595640623836,1.309042889044296
LAO,25,1.609201438707782,1.3757728192659984,1.309042889044296
LAO,26,0.9930739656568564,1.3566420284554224,1.309042889044296
LAO,27,1.2894529934786867,1.3821065357900322,1.309042889044296
LAO,28,1.6694564251637345,1.4361003987311363,1.309042889044296
LAO,29T30,0.8240049860325177,1.3973484684122308,1.309042889044296
LAO,31T33,0.019452559706381146,1.6526998636248658,1.309042889044296
LAO,35,0.03978417496252846,1.4296661385868576,1.309042889044296
LAO,36T39,1.053130045722336,1.3546038387676775,1.309042889044296
LAO,41T43,1.1079421628829766,1.5900422445251103,1.309042889044296
LAO,45T47,0.9638529508416632,1.2619629441815534,1.309042889044296
LAO,49,1.0576940595403965,1.3023954555264843,1.309042889044296
LAO,50,0.06365972541941538,1.4813728196149394,1.309042889044296
LAO,51,0.43701810276470016,1.2003232698471418,1.309042889044296
LAO,52,0.31655043685105166,1.4147582324867622,1.309042889044296
LAO,53,0.9810847262656394,1.247875251703766,1.309042889044296
LAO,55T56,0.8669830234785146,1.6846817324987637,1.309042889044296
LAO,58T60,0.6436562283547131,1.686257923298296,1.309042889044296
LAO,61,1.0426289576347614,1.2537196164090592,1.309042889044296
LAO,62T63,1.0659793620259022,1.417828293174082,1.309042889044296
LAO,64T66,1.0313917500461702,1.145141023557305,1.309042889044296
LAO,68,1.1541483203366,1.183606692560341,1.309042889044296
LAO,69T75,1.006235770301347,1.3452802154726407,1.309042889044296
LAO,77T82,0.8903826885570665,1.374076155571125,1.309042889044296
LAO,84,1.2366823399852813,1.2904545086814407,1.309042889044296
LAO,85,1.1884128535050387,1.2630993016086292,1.309042889044296
LAO,86T88,0.9031670582663867,1.3024399722927893,1.309042889044296
LAO,90T93,0.9855108066732637,1.316024869812984,1.309042889044296
LAO,94T98,1.2180122512513587,1.2172586351135843,1.309042889044296
LTU,01T02,0.14169854522229108,1.3965304220328056,1.3079673432821126
LTU,03,1.033426924653127,1.3015655965786435,1.3079673432821126
LTU,05T06,0.10655784765554291,1.2914638348638199,1.3079673432821126
LTU,07T08,0.9695478397683287,1.3032596915772303,1.3079673432821126
LTU,10T12,1.124639135727819,1.482235029036049,1.3079673432821126
LTU,13T15,1.1506082199482468,1.2344296855215027,1.3079673432821126
LTU,16,1.2851914704118808,1.4606415625762337,1.3079673432821126
LTU,17T18,1.1784600831474918,1.302304620185573,1.3079673432821126
LTU,19,1.0028866163532713,1.4364305846596794,1.3079673432821126
LTU,20,0.05657785404599674,1.5310488571879806,1.3079673432821126
LTU,21,1.0944766402569264,1.2289792356630813,1.3079673432821126
LTU,22,1.324874686784375,1.3761125227024724,1.3079673432821126
LTU,23,0.5008725360869252,1.3238766112922222,1.3079673432821126
LTU,24,7.226765735947949,1.407384495642483,1.3079673432821126
LTU,25,1.3799035893885672,1.2928481841299702,1.3079673432821126
LTU,26,1.2002714265599637,1.2232491568123331,1.3079673432821126
LTU,27,1.2200556334022032,1.3132804935368412,1.3079673432821126
LTU,28,1.1144428422150476,1.2907026861782462,1.3079673432821126
LTU,29T30,1.1981599638194105,1.2802342474991626,1.3079673432821126
LTU,31T33,1.456346476619906,1.2645211702760941,1.3079673432821126
LTU,35,1.5614657940702257,1.3062064687537744,1.3079673432821126
LTU,36T39,1.2091500819093743,1.2391454277888376,1.3079673432821126
LTU,41T43,1.2584490831579944,1.2578900011918106,1.3079673432821126
LTU,45T47,1.126732677056027,1.1722472209001948,1.3079673432821126
LTU,49,0.9674774692187431,1.2336914533904277,1.3079673432821126
LTU,50,0.3852966352839215,1.21924346521545,1.3079673432821126
LTU,51,3.1252456748630753,1.2845934679373956,1.3079673432821126
LTU,52,0.9642143938189741,1.2066518908745956,1.3079673432821126
LTU,53,1.1123063188613909,1.1875667247160009,1.3079673432821126
LTU,55T56,1.1982924917263096,1.2108681795968084,1.3079673432821126
LTU,58T60,0.9511633424751956,1.2300556152229207,1.3079673432821126
LTU,61,1.0998632479610035,1.1721005437022982,1.3079673432821126
LTU,62T63,1.0530737300040316,1.1587922159988655,1.3079673432821126
LTU,64T66,1.1130610240509393,1.1482613640979409,1.3079673432821126
LTU,68,1.1778547676414484,1.1925667600316756,1.3079673432821126
LTU,69T75,1.0671152778552404,1.1671346387782007,1.3079673432821126
LTU,77T82,1.121543262209758,1.191952746681719,1.3079673432821126
LTU,84,1.26891545993111,1.1638411600027954,1.3079673432821126
LTU,85,1.2787099109300335,1.1489186272730605,1.3079673432821126
LTU,86T88,1.2824753021397832,1.1696801723029586,1.3079673432821126
LTU,90T93,1.2305391428584285,1.1805330557623033,1.3079673432821126
LTU,94T98,1.220436128779464,1.1724578480540782,1.3079673432821126
LVA,01T02,0.21833906024793978,1.5583594047882487,1.2106097409488799
LVA,03,0.7754256800540935,1.2183351583223387,1.2106097409488799
LVA,05T06,0.0008265156310205127,1.296371569596294,1.2106097409488799
LVA,07T08,0.8553413590239524,1.2422015056691749,1.2106097409488799
LVA,10T12,1.111833202585669,1.4908786713457658,1.2106097409488799
LVA,13T15,1.0691200065290216,1.2493167599925057,1.2106097409488799
LVA,16,0.8299841726490419,1.6202351024411734,1.2106097409488799
LVA,17T18,1.5163362969810281,1.219365628937362,1.2106097409488799
LVA,19,0.0012925913398438074,1.2695864547380007,1.2106097409488799
LVA,20,1.7188881786345436,1.420608451631123,1.2106097409488799
LVA,21,1.216460060698627,1.1719542207676799,1.2106097409488799
LVA,22,1.5474258855063268,1.2954186366548461,1.2106097409488799
LVA,23,0.42463059431376626,1.2797978177932767,1.2106097409488799
LVA,24,6.558212253052698,1.3661959902100225,1.2106097409488799
LVA,25,1.35143501651482,1.2840563139336207,1.2106097409488799
LVA,26,1.2258092402364227,1.180863620807578,1.2106097409488799
LVA,27,1.349961825265151,1.2171806855384486,1.2106097409488799
LVA,28,1.177642522669152,1.2254554579273083,1.2106097409488799
LVA,29T30,1.0908622021168608,1.2956649594995342,1.2106097409488799
LVA,31T33,1.2720540244149714,1.2672820012260175,1.2106097409488799
LVA,35,0.6963757353860552,1.3890930406880897,1.2106097409488799
LVA,36T39,1.36047551444113,1.1927702447691877,1.2106097409488799
LVA,41T43,1.1286138523672486,1.2915377464938613,1.2106097409488799
LVA,45T47,1.0529233588049214,1.137914504213287,1.2106097409488799
LVA,49,0.6718278710282528,1.2153130883983967,1.2106097409488799
LVA,50,1.470857266786878,1.1908253355323024,1.2106097409488799
LVA,51,1.0019363722654997,1.3060861267400001,1.2106097409488799
LVA,52,1.0017096547985211,1.1746964700764873,1.2106097409488799
LVA,53,1.153968180541458,1.1194102509083887,1.2106097409488799
LVA,55T56,1.187154243634364,1.1833944292863212,1.2106097409488799
LVA,58T60,0.9460939147294259,1.1178294052831532,1.2106097409488799
LVA,61,1.174755302000023,1.0969616614091926,1.2106097409488799
LVA,62T63,1.0874168493965266,1.0754662091021585,1.2106097409488799
LVA,64T66,1.1014283788235648,1.0760452222495946,1.2106097409488799
LVA,68,1.1515564141835295,1.108911107666494,1.2106097409488799
LVA,69T75,1.0906510241240672,1.0987887038148534,1.2106097409488799
LVA,77T82,1.035526671223881,1.1786244279857092,1.2106097409488799
LVA,84,1.1808761950731457,1.101350550699082,1.2106097409488799
LVA,85,1.1872905308022175,1.1207420016775458,1.2106097409488799
LVA,86T88,1.1868630764175407,1.1378898384870233,1.2106097409488799
LVA,90T93,1.1791103435480303,1.1580857074464503,1.2106097409488799
LVA,94T98,1.180459141098726,1.148036323113319,1.2106097409488799
MAR,01T02,0.7874229713732143,1.303041107403117,1.3348492290323262
MAR,03,1.0607051073264342,1.1908272551669228,1.3348492290323262
MAR,05T06,0.5620599742893081,1.2718663065501101,1.3348492290323262
MAR,07T08,0.6177358240167111,1.264024893315966,1.3348492290323262
MAR,10T12,1.137266355353214,1.5680219883504372,1.3348492290323262
MAR,13T15,1.094923944570498,1.2638487038942754,1.3348492290323262
MAR,16,1.5137376807270735,1.3720377012215654,1.3348492290323262
MAR,17T18,0.9599905268316006,1.327802073065721,1.3348492290323262
MAR,19,0.8207130876005629,1.8434562845787652,1.3348492290323262
MAR,20,1.9719649524898741,1.3380705477450592,1.3348492290323262
MAR,21,1.2517004722591136,1.2577494132187421,1.3348492290323262
MAR,22,1.0870846443594382,1.5498537282402114,1.3348492290323262
MAR,23,0.11788576038892333,1.5696522736416187,1.3348492290323262
MAR,24,2.8125278919774175,1.4410011309232655,1.3348492290323262
MAR,25,1.1347440240557738,1.4200259772307562,1.3348492290323262
MAR,26,1.0594400879509531,1.3244855179262485,1.3348492290323262
MAR,27,1.2780964960775718,1.3122437891437602,1.3348492290323262
MAR,28,1.14690156576804,1.3421342369117113,1.3348492290323262
MAR,29T30,1.1249836220257121,1.3043911695697974,1.3348492290323262
MAR,31T33,1.4930337421615942,1.2509979989475633,1.3348492290323262
MAR,35,0.17521041904376333,1.282847583003145,1.3348492290323262
MAR,36T39,1.1278699522366662,1.2225926563175018,1.3348492290323262
MAR,41T43,1.2282992266267865,1.5944650919941505,1.3348492290323262
MAR,45T47,0.982856540190418,1.2063760382622999,1.3348492290323262
MAR,49,0.5763182640681235,1.2648817390588545,1.3348492290323262
MAR,50,0.46604214079434536,1.4459357349899484,1.3348492290323262
MAR,51,0.1470127841634812,1.4297606884523677,1.3348492290323262
MAR,52,0.8742458261643196,1.2332665346323133,1.3348492290323262
MAR,53,1.0523719729506906,1.1810123057354618,1.3348492290323262
MAR,55T56,1.1693328036742017,1.270944373576258,1.3348492290323262
MAR,58T60,0.7130014740366476,1.3759196033053958,1.3348492290323262
MAR,61,1.1281880207441848,1.1966033278657258,1.3348492290323262
MAR,62T63,1.2690175087768911,1.0993770926889093,1.3348492290323262
MAR,64T66,1.1200177028297553,1.1214018172615183,1.3348492290323262
MAR,68,1.259875635630385,1.0946494104321831,1.3348492290323262
MAR,69T75,1.1936923162443798,1.1040954359039554,1.3348492290323262
MAR,77T82,1.1462629094860919,1.1119869439380115,1.3348492290323262
MAR,84,1.2333865692647468,1.1969623619890046,1.3348492290323262
MAR,85,1.2900567277924917,1.1469771630447263,1.3348492290323262
MAR,86T88,1.2800343946168844,1.1709220363997006,1.3348492290323262
MAR,90T93,1.1323894814091102,1.2321283650092596,1.3348492290323262
MAR,94T98,1.2604737911574366,1.1605215515047358,1.3348492290323262
MEX,01T02,0.3481901425458019,1.2234330010117789,1.1717868704145609
MEX,03,0.9008624238374836,1.24200253703661,1.1717868704145609
MEX,05T06,0.2896243798163495,1.1868294772135717,1.1717868704145609
MEX,07T08,0.7912097069693539,1.1937418857712772,1.1717868704145609
MEX,10T12,1.1699731721486613,1.4901269206312329,1.1717868704145609
MEX,13T15,1.1786461460225264,1.2586673619069548,1.1717868704145609
MEX,16,0.8088098311809222,1.512161476181208,1.1717868704145609
MEX,17T18,0.9491889930383106,1.3059112688194872,1.1717868704145609
MEX,19,0.477387296718403,1.717373411562167,1.1717868704145609
MEX,20,0.058509661961123935,1.5061229405141578,1.1717868704145609
MEX,21,0.8387751756029153,1.361060448098658,1.1717868704145609
MEX,22,0.4530484288304792,1.4583532617399715,1.1717868704145609
MEX,23,0.13614057659111345,1.634451014798614,1.1717868704145609
MEX,24,1.112671945598302,1.3612510809016565,1.1717868704145609
MEX,25,0.9976161778348317,1.4044591078547641,1.1717868704145609
MEX,26,1.1579028793196477,1.2203868112596066,1.1717868704145609
MEX,27,1.1488436312216372,1.3400479927343765,1.1717868704145609
MEX,28,1.194451443208597,1.2435773381535375,1.1717868704145609
MEX,29T30,1.146792270462528,1.268990559497489,1.1717868704145609
MEX,31T33,0.47936786053003955,1.281166623916243,1.1717868704145609
MEX,35,0.2125766092748158,1.1971590388124935,1.1717868704145609
MEX,36T39,1.0273939469715574,1.4158736123779645,1.1717868704145609
MEX,41T43,1.134415249751331,1.207331814073379,1.1717868704145609
MEX,45T47,1.1006030823063369,1.0662836115025174,1.1717868704145609
MEX,49,0.7477840537449002,1.1729637936073418,1.1717868704145609
MEX,50,0.36430879696396473,1.08995897530366,1.1717868704145609
MEX,51,0.864074568688086,1.3217144243091934,1.1717868704145609
MEX,52,1.0245033219573454,1.109690099507162,1.1717868704145609
MEX,53,0.8818214761152947,1.1749507604827358,1.1717868704145609
MEX,55T56,1.217563616742161,1.1309512990454857,1.1717868704145609
MEX,58T60,1.1418231514910946,1.121646101176572,1.1717868704145609
MEX,61,1.139914532089876,1.067664445879431,1.1717868704145609
MEX,62T63,1.1394259705069432,1.0921040240556679,1.1717868704145609
MEX,64T66,1.160886034240335,1.0410239821567717,1.1717868704145609
MEX,68,1.1486975660266336,1.0229225823798898,1.1717868704145609
MEX,69T75,1.0357794828751556,1.070798313429904,1.1717868704145609
MEX,77T82,1.0122882707426992,1.0631194236517356,1.1717868704145609
MEX,84,1.1308878390293655,1.116038583289169,1.1717868704145609
MEX,85,1.1685218040225913,1.0545824974159483,1.1717868704145609
MEX,86T88,1.152157138944166,1.1276391253584077,1.1717868704145609
MEX,90T93,1.1694679846386367,1.0963769018275304,1.1717868704145609
MEX,94T98,1.1399641695505423,1.0636347958599988,1.1717868704145609
MLT,01T02,2.4388251569539094,1.2336523531318744,1.2840699798362234
MLT,03,1.140130025421179,1.4650014282053956,1.2840699798362234
MLT,05T06,0.8017115694074807,1.3348422590681779,1.2840699798362234
MLT,07T08,1.1646357555108442,1.2514445530004508,1.2840699798362234
MLT,10T12,1.5744681812821333,1.345840789255834,1.2840699798362234
MLT,13T15,0.8204225714036684,1.4061915852190134,1.2840699798362234
MLT,16,1.563442705120628,1.2797304444424304,1.2840699798362234
MLT,17T18,2.222731543590403,1.2979992875828386,1.2840699798362234
MLT,19,1.7364402857830032,1.4307715103453087,1.2840699798362234
MLT,20,2.149870724292718,1.3788153512041126,1.2840699798362234
MLT,21,1.0525989911529405,1.3978649791723885,1.2840699798362234
MLT,22,1.441862968185931,1.3009304555683665,1.2840699798362234
MLT,23,1.7187001205109527,1.3511509344819082,1.2840699798362234
MLT,24,8.046330389504334,1.300376919978154,1.2840699798362234
MLT,25,1.05240085213644,1.39149970836307,1.2840699798362234
MLT,26,0.9726725168406481,1.3882487971107451,1.2840699798362234
MLT,27,1.1859345836394795,1.3479376488176837,1.2840699798362234
MLT,28,1.0937600485994678,1.3604123747191388,1.2840699798362234
MLT,29T30,1.2386826222875267,1.2453922878058858,1.2840699798362234
MLT,31T33,1.2527933984630835,1.2794675071154473,1.2840699798362234
MLT,35,0.4156284363951958,2.118100288374054,1.2840699798362234
MLT,36T39,1.1918581767760095,1.3653687931064664,1.2840699798362234
MLT,41T43,1.2028629306348257,1.2824626556561418,1.2840699798362234
MLT,45T47,1.1010112202592053,1.2659664199810086,1.2840699798362234
MLT,49,1.0328700711106393,1.2851847746752982,1.2840699798362234
MLT,50,0.023225599450958423,1.282260018016743,1.2840699798362234
MLT,51,1.0659078200457013,1.335521342764135,1.2840699798362234
MLT,52,0.8640821817427188,1.2766861911409704,1.2840699798362234
MLT,53,0.9420089241639727,1.5615620052201733,1.2840699798362234
MLT,55T56,1.1739210335762442,1.2847702610704024,1.2840699798362234
MLT,58T60,1.0285115265894813,1.1840872975325067,1.2840699798362234
MLT,61,1.0809370596338796,1.1649941664888457,1.2840699798362234
MLT,62T63,0.8965952731506648,1.213022805171473,1.2840699798362234
MLT,64T66,0.9773313464760592,1.233210990340425,1.2840699798362234
MLT,68,1.1542405663415518,1.1848961919351433,1.2840699798362234
MLT,69T75,0.9840252746797434,1.2066255102989032,1.2840699798362234
MLT,77T82,1.00550211990365,1.245585861008172,1.2840699798362234
MLT,84,1.2436241440094538,1.1785363879050892,1.2840699798362234
MLT,85,1.245731861647537,1.1453143939637807,1.2840699798362234
MLT,86T88,1.257576105479671,1.2184088592586253,1.2840699798362234
MLT,90T93,1.0531849103699478,1.1466747983195744,1.2840699798362234
MLT,94T98,1.2025870564871528,1.2105487027502366,1.2840699798362234
MMR,01T02,0.0613936686610553,2.033089840102377,0.973466751668039
MMR,03,0.9825450665903599,0.7339745859212669,0.973466751668039
MMR,05T06,0.14622432451998285,1.1140516680854737,0.973466751668039
MMR,07T08,1.2982590080068024,1.231346265532748,0.973466751668039
MMR,10T12,0.41307846003780513,2.6552277416387424,0.973466751668039
MMR,13T15,1.1044610454479336,1.2696318206958859,0.973466751668039
MMR,16,0.344345863878551,1.9270784737904147,0.973466751668039
MMR,17T18,1.0496770056707303,1.2532519453998336,0.973466751668039
MMR,19,0.31285281417829686,1.5733902111517724,0.973466751668039
MMR,20,0.7222232870509574,1.7253653987879716,0.973466751668039
MMR,21,0.5720509745225832,1.542850669337294,0.973466751668039
MMR,22,0.8425767097705231,1.6252118252109495,0.973466751668039
MMR,23,0.37888781379439324,1.3451693115848342,0.973466751668039
MMR,24,7.556359021077799,1.378011043297918,0.973466751668039
MMR,25,1.2517256352826036,1.1611116759805435,0.973466751668039
MMR,26,1.0382671620769648,1.0982127424423924,0.973466751668039
MMR,27,1.216891447660527,1.177037608841345,0.973466751668039
MMR,28,1.2087838948340015,1.1009316571445733,0.973466751668039
MMR,29T30,1.263411998657918,1.0888000105320772,0.973466751668039
MMR,31T33,1.017219857072102,1.2096377085056293,0.973466751668039
MMR,35,0.06559093206098082,1.5189496829946723,0.973466751668039
MMR,36T39,1.0825303913439692,1.1341502053167378,0.973466751668039
MMR,41T43,0.610532210053465,1.3505844957319764,0.973466751668039
MMR,45T47,0.6740679857006957,1.2647810958719077,0.973466751668039
MMR,49,0.508088025530861,1.0720200780166758,0.973466751668039
MMR,50,0.42185302947902,1.3985449956952398,0.973466751668039
MMR,51,1.1698930045990115,1.1749256845233722,0.973466751668039
MMR,52,0.7488166285690367,1.1375934756608201,0.973466751668039
MMR,53,0.8459095532229517,0.9370236124096514,0.973466751668039
MMR,55T56,0.906875068112302,1.3707551747408928,0.973466751668039
MMR,58T60,1.1382370743458343,1.027581137932655,0.973466751668039
MMR,61,0.9809765953641268,0.8344263827436836,0.973466751668039
MMR,62T63,1.5896012177245151,0.9017408191735752,0.973466751668039
MMR,64T66,0.8721152168030064,0.8195645740346171,0.973466751668039
MMR,68,0.9491514344030118,0.8774774728333021,0.973466751668039
MMR,69T75,1.1242709444831405,0.9716434339201225,0.973466751668039
MMR,77T82,0.8938016746280513,1.0553728989101203,0.973466751668039
MMR,84,0.9236425980243615,1.087662775429387,0.973466751668039
MMR,85,0.935048652333667,1.1078934875884399,0.973466751668039
MMR,86T88,0.9375337488682804,1.1578551716873258,0.973466751668039
MMR,90T93,0.8311525042370361,1.4007785956695542,0.973466751668039
MMR,94T98,0.9058483197238948,1.3011380931909104,0.973466751668039
NLD,01T02,1.4390671463198792,1.386442168117136,1.2833638236573934
NLD,03,0.4793165745936354,1.2372320631054046,1.2833638236573934
NLD,05T06,0.5785977738802646,1.3209624572241894,1.2833638236573934
NLD,07T08,1.066209045208163,1.419328736479738,1.2833638236573934
NLD,10T12,1.2453790577280173,1.4571422296912748,1.2833638236573934
NLD,13T15,0.8629663312920172,1.3566738110182015,1.2833638236573934
NLD,16,1.6920217391791776,1.296380823534921,1.2833638236573934
NLD,17T18,1.2432543255562114,1.2868770517766037,1.2833638236573934
NLD,19,0.8308190537534106,1.589841957528483,1.2833638236573934
NLD,20,0.5515272998161067,1.4446414831602443,1.2833638236573934
NLD,21,0.8742315534281497,1.2385605454380837,1.2833638236573934
NLD,22,1.4609738799974326,1.3673536241276272,1.2833638236573934
NLD,23,1.6366174142939214,1.3348924371743514,1.2833638236573934
NLD,24,0.5220251105924238,1.4853062790492295,1.2833638236573934
NLD,25,1.2514724618756263,1.3523295141440914,1.2833638236573934
NLD,26,1.2345105987809077,1.2185233013515158,1.2833638236573934
NLD,27,1.304439381497076,1.2639457161865175,1.2833638236573934
NLD,28,1.2375016040634002,1.25599111116129,1.2833638236573934
NLD,29T30,1.23585217663794,1.2693749094992117,1.2833638236573934
NLD,31T33,1.355918792701498,1.2508941826653321,1.2833638236573934
NLD,35,0.27077035999820187,1.396203128623721,1.2833638236573934
NLD,36T39,1.1717020718161686,1.23503012779392,1.2833638236573934
NLD,41T43,1.220248306409092,1.2826381384410979,1.2833638236573934
NLD,45T47,1.1508463824010338,1.1979746932513737,1.2833638236573934
NLD,49,1.1194705054533949,1.2628391380517812,1.2833638236573934
NLD,50,0.36500384002646685,1.4151861429344383,1.2833638236573934
NLD,51,0.7095198378273885,1.307168888403629,1.2833638236573934
NLD,52,1.109950126983756,1.218217990715604,1.2833638236573934
NLD,53,1.2119368619024335,1.2019332464865642,1.2833638236573934
NLD,55T56,1.2230035263660053,1.2559758870363393,1.2833638236573934
NLD,58T60,1.084006835661654,1.2008111644752666,1.2833638236573934
NLD,61,1.129816760370792,1.1967189238977485,1.2833638236573934
NLD,62T63,1.0879441158712093,1.1791326435290244,1.2833638236573934
NLD,64T66,1.1578303878362683,1.1707974242328412,1.2833638236573934
NLD,68,1.2427115029959699,1.1918495256400023,1.2833638236573934
NLD,69T75,1.0910791512646423,1.1892365075351419,1.2833638236573934
NLD,77T82,1.1108874136274522,1.1902375594351755,1.2833638236573934
NLD,84,1.2555778619802556,1.1903330344177963,1.2833638236573934
NLD,85,1.2558830457103372,1.1813591428635166,1.2833638236573934
NLD,86T88,1.2700078850278924,1.192319822264537,1.2833638236573934
NLD,90T93,1.2028078712847625,1.2329976107961391,1.2833638236573934
NLD,94T98,1.2288202275946203,1.2180977617013606,1.2833638236573934
NOR,01T02,0.6049989091475574,1.3355332040340235,1.2351045543516141
NOR,03,1.157773734556248,1.246635100128279,1.2351045543516141
NOR,05T06,0.7665288921158935,1.1890687311797363,1.2351045543516141
NOR,07T08,1.0766829495089407,1.3074614972794631,1.2351045543516141
NOR,10T12,1.2392292535664045,1.4509730682861066,1.2351045543516141
NOR,13T15,1.2488797676565095,1.2558737838681606,1.2351045543516141
NOR,16,1.4973815425094925,1.3851251513283847,1.2351045543516141
NOR,17T18,1.1466181109159652,1.3507474075766168,1.2351045543516141
NOR,19,0.6960157964379488,1.498151013286746,1.2351045543516141
NOR,20,0.41191569524900906,1.3586435038687705,1.2351045543516141
NOR,21,0.6039065585197063,1.2629905641773433,1.2351045543516141
NOR,22,1.3586816353779416,1.3623841014580431,1.2351045543516141
NOR,23,1.0241009777016994,1.4076075929663885,1.2351045543516141
NOR,24,0.48008640796801466,1.5661837231741575,1.2351045543516141
NOR,25,1.091008124446584,1.39996219368257,1.2351045543516141
NOR,26,1.1731729618838398,1.227607401131881,1.2351045543516141
NOR,27,1.135182656019537,1.3411367661663869,1.2351045543516141
NOR,28,1.1185262050627442,1.295070002213447,1.2351045543516141
NOR,29T30,1.0751355981443027,1.3148785361288255,1.2351045543516141
NOR,31T33,1.2291106165155776,1.2707918484903171,1.2351045543516141
NOR,35,3.327247667445901,1.1677141390080674,1.2351045543516141
NOR,36T39,1.1256579351239402,1.238240800418945,1.2351045543516141
NOR,41T43,1.2041904176269747,1.26062635669757,1.2351045543516141
NOR,45T47,1.0967536198750318,1.2205029542946184,1.2351045543516141
NOR,49,1.177047007165339,1.2946559944844782,1.2351045543516141
NOR,50,0.43652882104098595,1.513483574478625,1.2351045543516141
NOR,51,0.5022012401580452,1.3367991161165445,1.2351045543516141
NOR,52,1.0728669395870896,1.2622936103240519,1.2351045543516141
NOR,53,1.1537018413285691,1.2265163826163572,1.2351045543516141
NOR,55T56,1.1944905019489374,1.236598237441744,1.2351045543516141
NOR,58T60,1.0795469907631012,1.2249970592948058,1.2351045543516141
NOR,61,1.1346125062723558,1.1724407972947632,1.2351045543516141
NOR,62T63,1.1158895876785013,1.177469799315309,1.2351045543516141
NOR,64T66,1.0993222119471795,1.1455439559710108,1.2351045543516141
NOR,68,1.2090528268921628,1.1699041464479107,1.2351045543516141
NOR,69T75,1.1261758086777516,1.1823493093868818,1.2351045543516141
NOR,77T82,1.1003677153581186,1.2312696761804038,1.2351045543516141
NOR,84,1.2120047045202857,1.2054689800066698,1.2351045543516141
NOR,85,1.2262194356221894,1.1545770416726076,1.2351045543516141
NOR,86T88,1.2269637838362832,1.1614624548882424,1.2351045543516141
NOR,90T93,1.199162400859032,1.2069437951687734,1.2351045543516141
NOR,94T98,1.2003467844172602,1.1925010350980907,1.2351045543516141
NZL,01T02,0.207246322024249,1.379363221288562,1.1248665329036287
NZL,03,0.8011469306076503,1.1690960926671938,1.1248665329036287
NZL,05T06,0.45179275352052634,1.286332207731631,1.1248665329036287
NZL,07T08,0.9113287368236224,1.0098764563488445,1.1248665329036287
NZL,10T12,0.7024261040158862,1.790398287791461,1.1248665329036287
NZL,13T15,0.9937293991193538,1.2949318598914825,1.1248665329036287
NZL,16,1.0329446231321293,1.4150669004938219,1.1248665329036287
NZL,17T18,0.9927115790382302,1.2894673820153943,1.1248665329036287
NZL,19,0.8973526293527363,1.5268151127662632,1.1248665329036287
NZL,20,0.2695115303280068,1.3617748150612774,1.1248665329036287
NZL,21,0.41792984189319154,1.247845277534517,1.1248665329036287
NZL,22,0.8607428838892701,1.234047559952727,1.1248665329036287
NZL,23,1.2864398179689331,1.1842807715634713,1.1248665329036287
NZL,24,0.4640798634207086,1.2829196286742637,1.1248665329036287
NZL,25,1.1463469700477353,1.2877226793983163,1.1248665329036287
NZL,26,1.1723754723320374,1.156841397722557,1.1248665329036287
NZL,27,1.442772159116876,1.1562183800690182,1.1248665329036287
NZL,28,1.1447911300500608,1.2453928007073845,1.1248665329036287
NZL,29T30,1.3914593564965043,1.135444374190802,1.1248665329036287
NZL,31T33,1.173824322131617,1.143088917216765,1.1248665329036287
NZL,35,0.9013504133838035,1.2676238790960255,1.1248665329036287
NZL,36T39,0.9789252596469481,1.052306492324486,1.1248665329036287
NZL,41T43,1.0287033664417269,1.1687309114453583,1.1248665329036287
NZL,45T47,1.0256178256105954,1.0684192317215122,1.1248665329036287
NZL,49,0.7998893602789799,1.138920463080502,1.1248665329036287
NZL,50,0.48987200483964116,1.1485350368977978,1.1248665329036287
NZL,51,0.5984926808055514,1.1546586975092048,1.1248665329036287
NZL,52,0.99490522718831,1.041360243186123,1.1248665329036287
NZL,53,1.0504634455462851,1.1033795388639762,1.1248665329036287
NZL,55T56,1.1734634122667773,1.1403382017993444,1.1248665329036287
NZL,58T60,1.1081389485445785,1.0659805313628061,1.1248665329036287
NZL,61,1.139465361993417,1.0449827351854435,1.1248665329036287
NZL,62T63,1.1073715745162553,1.0173158086495553,1.1248665329036287
NZL,64T66,1.0416691878368542,1.0093429812049406,1.1248665329036287
NZL,68,1.0885930864346316,1.023644500801676,1.1248665329036287
NZL,69T75,1.0205828550672789,1.043751875238278,1.1248665329036287
NZL,77T82,0.9717788547643896,1.0547578530379453,1.1248665329036287
NZL,84,1.1021330112466943,1.049837570530693,1.1248665329036287
NZL,85,1.1070743290587761,1.0223916008652048,1.1248665329036287
NZL,86T88,1.1167672390088166,1.0564460202418027,1.1248665329036287
NZL,90T93,1.0956767257182876,1.0730386981203122,1.1248665329036287
NZL,94T98,1.059999927512225,1.0421827964003618,1.1248665329036287
PER,01T02,0.02632003509915853,1.390165582225432,1.4532506181902145
PER,03,1.1543504751115747,1.3289761020952764,1.4532506181902145
PER,05T06,0.6030553274952488,1.39302324946009,1.4532506181902145
PER,07T08,1.2249605786758984,1.3139063145379821,1.4532506181902145
PER,10T12,1.2468630980409199,1.9524295453620597,1.4532506181902145
PER,13T15,1.0971526063092918,1.4563390900392408,1.4532506181902145
PER,16,0.9465301254560249,1.6755475431807283,1.4532506181902145
PER,17T18,1.382686098158087,1.3153502939498711,1.4532506181902145
PER,19,1.2785255126257753,1.7908431445688902,1.4532506181902145
PER,20,1.7631093844351104,1.4040364257473616,1.4532506181902145
PER,21,1.4222840216619101,1.3241459073327833,1.4532506181902145
PER,22,0.4097040608579673,1.4375180581749598,1.4532506181902145
PER,23,0.9336159938093257,1.5727328797819082,1.4532506181902145
PER,24,5.318344675736917,1.5091864689784096,1.4532506181902145
PER,25,1.4372725525778396,1.3536502397389891,1.4532506181902145
PER,26,1.3052369583157448,1.259325285801881,1.4532506181902145
PER,27,1.5034858094268708,1.2830274067776422,1.4532506181902145
PER,28,1.3224254468823244,1.3133300381704514,1.4532506181902145
PER,29T30,1.347895305480334,1.291466065444948,1.4532506181902145
PER,31T33,0.26588393464588755,1.4579180187145702,1.4532506181902145
PER,35,0.674877796625864,1.4187705369546402,1.4532506181902145
PER,36T39,1.5942754325627249,1.3202866078798232,1.4532506181902145
PER,41T43,1.3917716106922549,1.4301794675536785,1.4532506181902145
PER,45T47,1.2012650993173628,1.2625240496767374,1.4532506181902145
PER,49,1.0649104461680798,1.3548461545446744,1.4532506181902145
PER,50,0.3242630750429549,1.3554148322371111,1.4532506181902145
PER,51,1.0756111224464013,1.443011793281788,1.4532506181902145
PER,52,1.079976712472668,1.329188864981369,1.4532506181902145
PER,53,1.1359514234853954,1.3158100799892118,1.4532506181902145
PER,55T56,1.3144617975894095,1.4504851021330085,1.4532506181902145
PER,58T60,1.1816086751501322,1.2576814714300915,1.4532506181902145
PER,61,1.338114395302494,1.2588376809602344,1.4532506181902145
PER,62T63,1.3183998860600918,1.2394299708039769,1.4532506181902145
PER,64T66,1.458150570213389,1.2351236725737031,1.4532506181902145
PER,68,1.3440776705740234,1.2302430245065494,1.4532506181902145
PER,69T75,1.255536753187873,1.2571466267770106,1.4532506181902145
PER,77T82,1.5131097527519672,1.2462609705859589,1.4532506181902145
PER,84,1.364312296042115,1.2938762420119327,1.4532506181902145
PER,85,1.4255640338739435,1.2306499041500347,1.4532506181902145
PER,86T88,1.4061803544132645,1.2534514904100245,1.4532506181902145
PER,90T93,1.3396709331831296,1.3224842197857773,1.4532506181902145
PER,94T98,1.4158243320338235,1.2487900572808337,1.4532506181902145
PHL,01T02,0.5642701756192502,1.1738829014782395,1.2333303061867373
PHL,03,1.1270262527175774,1.1064101673665816,1.2333303061867373
PHL,05T06,0.15829037468159785,1.1039036688899229,1.2333303061867373
PHL,07T08,0.3232879630566666,1.110518250250873,1.2333303061867373
PHL,10T12,1.208794561659386,1.4091136341260968,1.2333303061867373
PHL,13T15,1.3140273084540623,1.207928884352509,1.2333303061867373
PHL,16,0.953104166643625,1.3784188780089182,1.2333303061867373
PHL,17T18,0.26853263718072223,1.4321487868428378,1.2333303061867373
PHL,19,0.8839755873056447,1.4546221225428555,1.2333303061867373
PHL,20,1.604722788375545,1.3020456538311764,1.2333303061867373
PHL,21,1.0365825708312044,1.3228828904317924,1.2333303061867373
PHL,22,1.329981560843327,1.3469928227144639,1.2333303061867373
PHL,23,0.1738256781987053,1.425811835912793,1.2333303061867373
PHL,24,1.414991295610069,1.6087368667952737,1.2333303061867373
PHL,25,1.1324246414722559,1.5059413247652265,1.2333303061867373
PHL,26,1.0742746475625893,1.266909394511063,1.2333303061867373
PHL,27,1.3606526272426445,1.2489575064562821,1.2333303061867373
PHL,28,1.1837460796715582,1.282608462598185,1.2333303061867373
PHL,29T30,1.1346898738822548,1.2963575255147777,1.2333303061867373
PHL,31T33,1.1886313445387753,1.2856859092951183,1.2333303061867373
PHL,35,0.27682362231175506,1.2750227926599207,1.2333303061867373
PHL,36T39,1.1169219180881766,1.2007825367199405,1.2333303061867373
PHL,41T43,1.1358560806968159,1.4100946245965216,1.2333303061867373
PHL,45T47,1.014550337127446,1.1794060293252282,1.2333303061867373
PHL,49,0.7509595451731753,1.2679374499511997,1.2333303061867373
PHL,50,0.23343937988202232,1.210321412118767,1.2333303061867373
PHL,51,0.41326853190347634,1.2655178889421435,1.2333303061867373
PHL,52,0.9454169928230669,1.1884382246560552,1.2333303061867373
PHL,53,1.1090091611290234,1.1519554846301834,1.2333303061867373
PHL,55T56,1.105650346680999,1.3065774311637948,1.2333303061867373
PHL,58T60,0.7570493852056267,1.2911402488460335,1.2333303061867373
PHL,61,1.131092669925182,1.1227193015835586,1.2333303061867373
PHL,62T63,0.8624726070020117,1.1621239734826698,1.2333303061867373
PHL,64T66,1.034266480652377,1.0812012866936656,1.2333303061867373
PHL,68,1.1579440340731453,1.0978453020799397,1.2333303061867373
PHL,69T75,0.9789889688579554,1.1393804350696453,1.2333303061867373
PHL,77T82,1.0280169416752236,1.1403194658054474,1.2333303061867373
PHL,84,1.1870853960124854,1.0885054882349436,1.2333303061867373
PHL,85,1.1490572076103698,1.082066676742105,1.2333303061867373
PHL,86T88,1.1391159501118613,1.1978757365971906,1.2333303061867373
PHL,90T93,1.0916484159225481,1.2000970346552025,1.2333303061867373
PHL,94T98,1.1637530773541043,1.1687438827160763,1.2333303061867373
POL,01T02,0.30973462880813873,1.4511921136605699,1.2203584528656273
POL,03,0.9344658688858672,1.2328516666753755,1.2203584528656273
POL,05T06,0.10500870716546006,1.1881458961588143,1.2203584528656273
POL,07T08,0.5989120178775794,1.3717835237542586,1.2203584528656273
POL,10T12,0.9949440208755221,1.5296902086740634,1.2203584528656273
POL,13T15,1.2258420020457972,1.2299112175143416,1.2203584528656273
POL,16,0.9551512683549793,1.444559206231349,1.2203584528656273
POL,17T18,1.0587405966371939,1.304631688371356,1.2203584528656273
POL,19,0.6031672861197449,1.4860425568639923,1.2203584528656273
POL,20,0.26506482177438795,1.436400496067836,1.2203584528656273
POL,21,0.7811037169355941,1.1278630199835498,1.2203584528656273
POL,22,1.3101366943595585,1.3615186884279706,1.2203584528656273
POL,23,0.4372373926146536,1.4682145518188083,1.2203584528656273
POL,24,0.41423795636707095,1.648998833309181,1.2203584528656273
POL,25,1.1293269806305803,1.3565675638325383,1.2203584528656273
POL,26,1.1469250850054962,1.2584977467052372,1.2203584528656273
POL,27,1.1598332289330675,1.3352987674245116,1.2203584528656273
POL,28,1.1107558446872496,1.3021092132171508,1.2203584528656273
POL,29T30,1.1679345701515007,1.27655336312343,1.2203584528656273
POL,31T33,1.357689826008722,1.2537061336398772,1.2203584528656273
POL,35,0.1657804834056599,1.3540533882832628,1.2203584528656273
POL,36T39,1.0018509306398116,1.2468512077636926,1.2203584528656273
POL,41T43,1.0936007560181655,1.2721191346744891,1.2203584528656273
POL,45T47,1.066950610350042,1.1424236646335866,1.2203584528656273
POL,49,0.6701993199781457,1.2374703292831093,1.2203584528656273
POL,50,1.2049462308093022,1.2131973350056675,1.2203584528656273
POL,51,1.296112360310617,1.233532959552437,1.2203584528656273
POL,52,1.0047400338993748,1.2102589066909737,1.2203584528656273
POL,53,1.0997108592278038,1.1670601399329281,1.2203584528656273
POL,55T56,1.1433821071322041,1.2443169774760228,1.2203584528656273
POL,58T60,1.1890165400723554,1.1325193282071795,1.2203584528656273
POL,61,1.1451268550040572,1.1307859833874,1.2203584528656273
POL,62T63,1.1832971359995743,1.0847314186739683,1.2203584528656273
POL,64T66,1.0735943100993954,1.1026967336567624,1.2203584528656273
POL,68,1.1129354370317563,1.3662322986924949,1.2203584528656273
POL,69T75,1.1359346095603025,1.1073766196383257,1.2203584528656273
POL,77T82,1.049682725097739,1.18244985766264,1.2203584528656273
POL,84,1.1845605948860696,1.0902757634119096,1.2203584528656273
POL,85,1.1979752410522166,1.1024155791806876,1.2203584528656273
POL,86T88,1.1915651200144761,1.149401490072852,1.2203584528656273
POL,90T93,1.1696287821236417,1.2050609782106654,1.2203584528656273
POL,94T98,1.153705372841242,1.1482219094594637,1.2203584528656273
PRT,01T02,0.8955680076629783,1.3784635722231149,1.2694903262938846
PRT,03,0.7986568761022379,1.2442683359678763,1.2694903262938846
PRT,05T06,0.026071718076917397,1.3835183948047194,1.2694903262938846
PRT,07T08,0.8541840118566544,1.3404637548654175,1.2694903262938846
PRT,10T12,1.1447724940828727,1.529965806150978,1.2694903262938846
PRT,13T15,1.1155438148662418,1.255047618176348,1.2694903262938846
PRT,16,1.0764972686300598,1.4772788388253888,1.2694903262938846
PRT,17T18,0.8186932220265666,1.4551538758791696,1.2694903262938846
PRT,19,0.7688051632209666,1.6707269094253476,1.2694903262938846
PRT,20,0.6908151518332344,1.5106769290127915,1.2694903262938846
PRT,21,1.055884406580117,1.2853638796608065,1.2694903262938846
PRT,22,1.3038014815100996,1.404131921465334,1.2694903262938846
PRT,23,0.45833184430556306,1.4685508163916023,1.2694903262938846
PRT,24,2.449795963343217,1.5288835265066274,1.2694903262938846
PRT,25,1.1430799135483818,1.3602897971273071,1.2694903262938846
PRT,26,1.1323133269098735,1.2663219815055324,1.2694903262938846
PRT,27,1.117033609532828,1.381457541171497,1.2694903262938846
PRT,28,1.0776239474492793,1.3489921588206282,1.2694903262938846
PRT,29T30,1.168700494289138,1.2995470925327477,1.2694903262938846
PRT,31T33,1.335170918637593,1.2892055751718552,1.2694903262938846
PRT,35,0.4682323801902544,2.0539463987569984,1.2694903262938846
PRT,36T39,1.4029957921747056,1.3033237092586853,1.2694903262938846
PRT,41T43,1.1912224042338888,1.3614045137216082,1.2694903262938846
PRT,45T47,1.1032020772065478,1.2101104762549695,1.2694903262938846
PRT,49,0.6627471456275151,1.291955218767708,1.2694903262938846
PRT,50,0.2553901513298817,1.2971879391673238,1.2694903262938846
PRT,51,0.7349791196782856,1.3087466066826619,1.2694903262938846
PRT,52,1.0969612286619912,1.2037531781287094,1.2694903262938846
PRT,53,1.1972616888632912,1.185129462446681,1.2694903262938846
PRT,55T56,1.1875548214745966,1.278560266175073,1.2694903262938846
PRT,58T60,1.116732363316256,1.209224774960014,1.2694903262938846
PRT,61,1.1780361869235805,1.1943846780954674,1.2694903262938846
PRT,62T63,1.1449497148527812,1.1690208714384214,1.2694903262938846
PRT,64T66,1.1688432101622896,1.1519983318422928,1.2694903262938846
PRT,68,1.249038348350275,1.1473768196767735,1.2694903262938846
PRT,69T75,1.1094412361016202,1.1846321968524758,1.2694903262938846
PRT,77T82,1.1009972126501972,1.1822938412546244,1.2694903262938846
PRT,84,1.2342046448284485,1.1903297951178164,1.2694903262938846
PRT,85,1.253752486028725,1.1552247217152796,1.2694903262938846
PRT,86T88,1.2436819547063303,1.2186568803812077,1.2694903262938846
PRT,90T93,1.2058292994295123,1.218906179937829,1.2694903262938846
PRT,94T98,1.2381552130460036,1.2027365069184304,1.2694903262938846
ROU,01T02,0.6284411822818886,1.3942758764167127,1.2626888599496493
ROU,03,1.2580227204893835,1.2958462495854537,1.2626888599496493
ROU,05T06,0.24680537955465923,1.2863655010365227,1.2626888599496493
ROU,07T08,0.5031784216502005,1.3080905095910298,1.2626888599496493
ROU,10T12,1.2267949213015088,1.450296003747509,1.2626888599496493
ROU,13T15,1.2432557541983116,1.2227418433317163,1.2626888599496493
ROU,16,1.085667367589325,1.4419619716250978,1.2626888599496493
ROU,17T18,1.1109402346912265,1.29874276153811,1.2626888599496493
ROU,19,0.859083404330322,1.5049281995261174,1.2626888599496493
ROU,20,0.04617209435550019,1.4744763172557753,1.2626888599496493
ROU,21,0.32857493392317005,1.25995077644131,1.2626888599496493
ROU,22,1.2997218902066643,1.35654228663382,1.2626888599496493
ROU,23,0.2436950737166443,1.3834826035867736,1.2626888599496493
ROU,24,0.3416681203384159,1.5052041273228045,1.2626888599496493
ROU,25,0.985621627717021,1.3639928297291708,1.2626888599496493
ROU,26,1.1313805407146482,1.272598448838364,1.2626888599496493
ROU,27,1.1643249247068888,1.3147587022413043,1.2626888599496493
ROU,28,1.0150839655196562,1.37004636246598,1.2626888599496493
ROU,29T30,1.0847281954001768,1.3169928479263338,1.2626888599496493
ROU,31T33,1.3748226391286358,1.2624896481153165,1.2626888599496493
ROU,35,0.4275841813396186,1.5283339835995975,1.2626888599496493
ROU,36T39,1.1902239336281217,1.2625596184234824,1.2626888599496493
ROU,41T43,1.1880136146812916,1.4138142278869479,1.2626888599496493
ROU,45T47,1.0661150128873222,1.207223672802456,1.2626888599496493
ROU,49,1.1236344920768708,1.2379469444637325,1.2626888599496493
ROU,50,1.5909370377203598,1.208360094853031,1.2626888599496493
ROU,51,0.9879071173260455,1.2639692932541957,1.2626888599496493
ROU,52,1.1056009972517837,1.2057615618643795,1.2626888599496493
ROU,53,1.1200363331197345,1.2046863933285124,1.2626888599496493
ROU,55T56,1.1959663560226808,1.2211271774241486,1.2626888599496493
ROU,58T60,1.1723963963682358,1.1655674936175457,1.2626888599496493
ROU,61,1.1360679342495346,1.21396665114076,1.2626888599496493
ROU,62T63,1.0689062930579993,1.1471114323764326,1.2626888599496493
ROU,64T66,1.0880279683234235,1.130142228900634,1.2626888599496493
ROU,68,1.2123881056144639,1.117377627920421,1.2626888599496493
ROU,69T75,1.0691014377583805,1.1893669366435076,1.2626888599496493
ROU,77T82,1.100389005401636,1.186525771871141,1.2626888599496493
ROU,84,1.2360645928967047,1.1112407820930517,1.2626888599496493
ROU,85,1.217251903781052,1.117993405146883,1.2626888599496493
ROU,86T88,1.2351887388186622,1.159336263165441,1.2626888599496493
ROU,90T93,1.223716918030704,1.1831187466008366,1.2626888599496493
ROU,94T98,1.200940149960889,1.1833179012390378,1.2626888599496493
ROW,01T02,0.14878588609921584,1.1552827918055544,1.00890518012053
ROW,03,0.92150455396262,0.9115604304494579,1.00890518012053
ROW,05T06,0.23532250417495018,1.0143252080133256,1.00890518012053
ROW,07T08,0.9244836992687172,0.9631827258592056,1.00890518012053
ROW,10T12,0.9261656703662811,1.600495436243905,1.00890518012053
ROW,13T15,1.5500761197856863,1.0474567517600222,1.00890518012053
ROW,16,1.0019370698594459,1.31673139971515,1.00890518012053
ROW,17T18,1.1232808060754969,1.200013744590075,1.00890518012053
ROW,19,0.5685870124475976,1.4265931875550248,1.00890518012053
ROW,20,0.19240305341690853,1.3412020318002276,1.00890518012053
ROW,21,0.9287424406569458,1.0574809392381634,1.00890518012053
ROW,22,0.039776869309478755,1.389772073583064,1.00890518012053
ROW,23,0.23449111351105983,1.2553493018784423,1.00890518012053
ROW,24,0.9220117024075866,1.3824734072097413,1.00890518012053
ROW,25,1.1386879803662266,1.2215809234490855,1.00890518012053
ROW,26,1.1382558289643363,1.077674653691741,1.00890518012053
ROW,27,1.1495134174052744,1.222813526789795,1.00890518012053
ROW,28,1.1430388751407707,1.133844104673413,1.00890518012053
ROW,29T30,1.2932719345045784,1.086052340250143,1.00890518012053
ROW,31T33,0.06893624905441398,1.0943078786144957,1.00890518012053
ROW,35,0.15872500548511645,1.3534808893247603,1.00890518012053
ROW,36T39,0.8886243598550752,1.004938026659158,1.00890518012053
ROW,41T43,0.9549992742717873,1.1460151792584214,1.00890518012053
ROW,45T47,0.9796384176980397,0.9254342818786113,1.00890518012053
ROW,49,0.5713420709172536,1.00476786944044,1.00890518012053
ROW,50,0.6000953193727315,1.1140536976848727,1.00890518012053
ROW,51,0.26921230603934604,1.0923287651113627,1.00890518012053
ROW,52,0.9689773358642568,0.9756174275350836,1.00890518012053
ROW,53,1.0071497351697551,0.9322557947177685,1.00890518012053
ROW,55T56,1.0775098450273308,1.0990103011370924,1.00890518012053
ROW,58T60,1.2833113273148717,0.91317477757561,1.00890518012053
ROW,61,1.0394462986695314,0.8827465093078954,1.00890518012053
ROW,62T63,1.3060506866208037,0.8490761191083658,1.00890518012053
ROW,64T66,1.1305401744529173,0.8279647393372702,1.00890518012053
ROW,68,1.0270206231758974,0.8213443676437082,1.00890518012053
ROW,69T75,1.2009252890303097,0.8583121734588863,1.00890518012053
ROW,77T82,1.0401654893395562,0.8870875584996891,1.00890518012053
ROW,84,0.9552729836493185,0.9061395625454567,1.00890518012053
ROW,85,0.9817689301387189,0.8913057213111375,1.00890518012053
ROW,86T88,0.9804798893650689,0.9279874659221714,1.00890518012053
ROW,90T93,1.0568497629276394,0.9538659159576232,1.00890518012053
ROW,94T98,0.9924608094452103,0.9301017965029559,1.00890518012053
RUS,01T02,0.44280383175501054,1.0320818034780481,0.816218235750928
RUS,03,0.6399568820299869,0.9063646117283266,0.816218235750928
RUS,05T06,0.2942900327452204,0.8352695769451575,0.816218235750928
RUS,07T08,0.4499927802129263,0.9279176186526541,0.816218235750928
RUS,10T12,0.8429824854539173,1.2566594698900473,0.816218235750928
RUS,13T15,1.5819403316558087,0.9514039967488658,0.816218235750928
RUS,16,0.1917047017936611,1.254034356482272,0.816218235750928
RUS,17T18,0.8030227007048057,1.127859775350422,0.816218235750928
RUS,19,0.46278458114324844,1.0901546274808538,0.816218235750928
RUS,20,0.06011188337018674,1.2857376581628273,0.816218235750928
RUS,21,0.6692085750859353,0.9491879529483763,0.816218235750928
RUS,22,0.4451393929864428,1.4020526855820432,0.816218235750928
RUS,23,0.14537066836492202,1.472582411395559,0.816218235750928
RUS,24,0.04291279367234024,1.4531824787224878,0.816218235750928
RUS,25,0.5970591118371799,1.3555282641588127,0.816218235750928
RUS,26,0.9886056758567985,0.9642630097715771,0.816218235750928
RUS,27,0.73750201194057,1.3357578104220176,0.816218235750928
RUS,28,0.7434826002898349,1.2358811087263935,0.816218235750928
RUS,29T30,0.8954994799060183,1.1030354586371607,0.816218235750928
RUS,31T33,0.767512505124234,1.0731062908196585,0.816218235750928
RUS,35,0.08653911319255032,1.7693068549507303,0.816218235750928
RUS,36T39,0.5168948111227828,1.3053006215072638,0.816218235750928
RUS,41T43,0.6929856622121083,1.0884162293949184,0.816218235750928
RUS,45T47,0.8780398831788546,0.8496846431918832,0.816218235750928
RUS,49,0.30873668601583454,0.947631019304388,0.816218235750928
RUS,50,0.10046532092053337,0.9383907436826052,0.816218235750928
RUS,51,0.40811291794098403,1.0745239808351594,0.816218235750928
RUS,52,0.625234762707852,0.9915304580792361,0.816218235750928
RUS,53,0.9497610932471742,0.8741603575153654,0.816218235750928
RUS,55T56,1.0817354611674694,0.919005062534718,0.816218235750928
RUS,58T60,1.6133534529320381,0.8155657279333987,0.816218235750928
RUS,61,0.9262150954291507,0.8130515199370091,0.816218235750928
RUS,62T63,1.4160068455876942,0.7507335106008874,0.816218235750928
RUS,64T66,0.8300972502347161,0.7125955162876989,0.816218235750928
RUS,68,0.8021120778706771,0.797452805587071,0.816218235750928
RUS,69T75,1.0007985367719392,0.7982309683565612,0.816218235750928
RUS,77T82,0.6855551065618168,0.7811274889273676,0.816218235750928
RUS,84,0.7904549572590184,0.8187518428088795,0.816218235750928
RUS,85,0.8118614639494303,0.7702627831309861,0.816218235750928
RUS,86T88,0.8034260140368713,0.8358699985404907,0.816218235750928
RUS,90T93,0.8494659853717744,0.827298982449008,0.816218235750928
RUS,94T98,0.8510145935142549,0.754256475471141,0.816218235750928
SAU,01T02,2.1523334760864774,0.999648649901372,0.9715273585330998
SAU,03,0.8872550748741783,1.0345932443216919,0.9715273585330998
SAU,05T06,0.6410765800292079,0.8216687476676799,0.9715273585330998
SAU,07T08,1.2282952601662271,0.8627809264065426,0.9715273585330998
SAU,10T12,1.2931032631164843,1.0580120721189041,0.9715273585330998
SAU,13T15,0.9551298512486108,1.1157689664263999,0.9715273585330998
SAU,16,0.31615241736039873,1.1903308559750003,0.9715273585330998
SAU,17T18,0.8519555645187432,1.161444631981432,0.9715273585330998
SAU,19,0.8586298575741056,1.017574942574521,0.9715273585330998
SAU,20,0.21982878619551244,1.0788356702007653,0.9715273585330998
SAU,21,0.28885767550139163,1.1369951892390453,0.9715273585330998
SAU,22,0.001063435064579447,1.2123681015095922,0.9715273585330998
SAU,23,0.27558838591662693,1.1523354651550475,0.9715273585330998
SAU,24,2.487481175124183,1.1054350420642058,0.9715273585330998
SAU,25,0.9520451777640522,1.1093838062721235,0.9715273585330998
SAU,26,0.8808938499532306,1.115311770992038,0.9715273585330998
SAU,27,0.9261930215796526,1.1716670736944241,0.9715273585330998
SAU,28,0.6850392941318412,1.1372816867867774,0.9715273585330998
SAU,29T30,1.3606260634806249,1.0714781078164723,0.9715273585330998
SAU,31T33,0.001472208914348546,1.1205781117520397,0.9715273585330998
SAU,35,0.09085832794135429,1.0607815091508737,0.9715273585330998
SAU,36T39,0.7826068782502948,1.0615127569808753,0.9715273585330998
SAU,41T43,0.7642238107989524,1.1778933299645746,0.9715273585330998
SAU,45T47,0.8582491032785847,1.0090036051723912,0.9715273585330998
SAU,49,0.10382004910351272,1.064355566753881,0.9715273585330998
SAU,50,0.19787770905831004,1.1326678856764278,0.9715273585330998
SAU,51,0.5196409357658451,1.2090189898877004,0.9715273585330998
SAU,52,0.7245466803567744,1.1305186538191578,0.9715273585330998
SAU,53,0.4719788911416896,1.1845491047793948,0.9715273585330998
SAU,55T56,1.0534277673769121,1.0582414129733337,0.9715273585330998
SAU,58T60,1.339441154573115,1.0082969059534934,0.9715273585330998
SAU,61,0.7916437788274403,1.023816944747201,0.9715273585330998
SAU,62T63,0.8373373608631758,1.0495809858766785,0.9715273585330998
SAU,64T66,1.058195757936314,0.8656082775132862,0.9715273585330998
SAU,68,0.9610631923922428,0.8572381034966989,0.9715273585330998
SAU,69T75,0.7247217580153413,1.2092168166060446,0.9715273585330998
SAU,77T82,0.7160357492593091,1.240772456177601,0.9715273585330998
SAU,84,0.9177542497239185,0.8632466946553046,0.9715273585330998
SAU,85,0.9497400510116552,0.8704741711361699,0.9715273585330998
SAU,86T88,0.9017044200882208,1.000415363779937,0.9715273585330998
SAU,90T93,0.9942826084959357,0.9087531984338031,0.9715273585330998
SAU,94T98,0.9384220297512392,0.8775427312600117,0.9715273585330998
SGP,01T02,0.2148181629216245,1.191414960086502,1.1821215252552717
SGP,03,0.6335336868639,1.2077918161601748,1.1821215252552717
SGP,05T06,0.3251589479027506,1.1189823540307025,1.1821215252552717
SGP,07T08,0.8490754827060766,1.2092695254410186,1.1821215252552717
SGP,10T12,0.8338637059619468,1.8138036111383533,1.1821215252552717
SGP,13T15,0.5477693349901053,1.4922738600188616,1.1821215252552717
SGP,16,0.6592252658132933,1.7013959828034266,1.1821215252552717
SGP,17T18,1.0509170395306282,1.408531154423405,1.1821215252552717
SGP,19,1.0531386725317737,1.6017813464179926,1.1821215252552717
SGP,20,0.6761024396117802,1.4326598179251386,1.1821215252552717
SGP,21,1.4642257075566576,1.0830739314373672,1.1821215252552717
SGP,22,0.0728955288647122,1.7553152154637888,1.1821215252552717
SGP,23,0.625236453918407,1.718425982831353,1.1821215252552717
SGP,24,3.6239078885049922,1.6152030010730265,1.1821215252552717
SGP,25,1.0502614415801579,1.459920133484468,1.1821215252552717
SGP,26,1.0684010732219165,1.2606787006334843,1.1821215252552717
SGP,27,1.1139123962060222,1.3841498579485567,1.1821215252552717
SGP,28,1.2334305498428355,1.2298608878209178,1.1821215252552717
SGP,29T30,1.101694293079758,1.2595026024298877,1.1821215252552717
SGP,31T33,0.3040680519432898,1.269041034715614,1.1821215252552717
SGP,35,0.13911842197700378,1.6560688485372683,1.1821215252552717
SGP,36T39,1.0169765566859736,1.2179485832341808,1.1821215252552717
SGP,41T43,1.078120015911773,1.3598739722848987,1.1821215252552717
SGP,45T47,0.8877805847814284,1.1741452143001583,1.1821215252552717
SGP,49,0.6476613323135885,1.2112202370115226,1.1821215252552717
SGP,50,0.1822865823742114,1.6167376349995632,1.1821215252552717
SGP,51,0.35422518276490844,1.3019685093242357,1.1821215252552717
SGP,52,0.7934000860152796,1.1778561174988147,1.1821215252552717
SGP,53,0.83872706807426,1.187423437171906,1.1821215252552717
SGP,55T56,1.0408494402509996,1.2739107425175666,1.1821215252552717
SGP,58T60,1.0676984042792563,1.1272905163388245,1.1821215252552717
SGP,61,1.13356433437109,1.0857666588040016,1.1821215252552717
SGP,62T63,1.016233979392561,1.0830677732735434,1.1821215252552717
SGP,64T66,1.1682795329328903,1.0079945339696177,1.1821215252552717
SGP,68,1.0720289761148747,1.0344525949661048,1.1821215252552717
SGP,69T75,1.1742316112270084,1.0679381958514937,1.1821215252552717
SGP,77T82,1.0864104959195608,1.045147110246507,1.1821215252552717
SGP,84,1.1623878764516204,1.1270267773208755,1.1821215252552717
SGP,85,1.1693280454666486,1.0505834890487609,1.1821215252552717
SGP,86T88,1.167999147375558,1.094517322551569,1.1821215252552717
SGP,90T93,1.0889445230680976,1.1209572381348203,1.1821215252552717
SGP,94T98,1.1841766345152136,0.9645268067177444,1.1821215252552717
SVK,01T02,1.3114017665364712,1.3766243794189736,1.2947762419639532
SVK,03,1.0119994051164807,1.3448689546979857,1.2947762419639532
SVK,05T06,0.04954205115681586,1.2310804855073036,1.2947762419639532
SVK,07T08,0.4238963462560408,1.3720492441972394,1.2947762419639532
SVK,10T12,1.3061777879492542,1.4215268671288055,1.2947762419639532
SVK,13T15,1.1695858272672923,1.2653735512528037,1.2947762419639532
SVK,16,1.5656938055457013,1.3102633400370443,1.2947762419639532
SVK,17T18,1.0865779714472341,1.3666031152509557,1.2947762419639532
SVK,19,0.6014419356973505,1.535786170338594,1.2947762419639532
SVK,20,0.06647032543065269,1.4351787005303578,1.2947762419639532
SVK,21,0.25388942491913175,1.3118265599151466,1.2947762419639532
SVK,22,1.260339814697275,1.3990990482346468,1.2947762419639532
SVK,23,0.19305333814958944,1.517794204994544,1.2947762419639532
SVK,24,0.026480682338171153,1.6109715000757587,1.2947762419639532
SVK,25,1.160895099623499,1.3542815715317906,1.2947762419639532
SVK,26,1.1799803981691193,1.257980772256036,1.2947762419639532
SVK,27,1.2186124313310707,1.3142189563984272,1.2947762419639532
SVK,28,1.0488687135759336,1.3754734552054177,1.2947762419639532
SVK,29T30,1.1576696856459996,1.2753035382825615,1.2947762419639532
SVK,31T33,1.5119831853568755,1.2641817568524625,1.2947762419639532
SVK,35,0.9148974307223519,1.631660841924783,1.2947762419639532
SVK,36T39,1.1497104416293347,1.2346903198454735,1.2947762419639532
SVK,41T43,1.214163389702683,1.264299388919922,1.2947762419639532
SVK,45T47,1.0568399891873157,1.2227637926534523,1.2947762419639532
SVK,49,0.8579568186055121,1.2383728065341415,1.2947762419639532
SVK,50,1.4506487854429921,1.367799792881153,1.2947762419639532
SVK,51,2.1704082880479767,1.4448880851032464,1.2947762419639532
SVK,52,0.9915504068955088,1.2847091468000316,1.2947762419639532
SVK,53,1.1641991958334998,1.1963269417440132,1.2947762419639532
SVK,55T56,1.1927901764400277,1.2521685334595363,1.2947762419639532
SVK,58T60,1.12659043279614,1.19382330452789,1.2947762419639532
SVK,61,1.1964108252151024,1.1654533529999656,1.2947762419639532
SVK,62T63,1.064396230396067,1.158729516254668,1.2947762419639532
SVK,64T66,1.1689067204811463,1.149330053334554,1.2947762419639532
SVK,68,1.222609542294988,1.1580771404831351,1.2947762419639532
SVK,69T75,1.0475963401776063,1.2401701851434561,1.2947762419639532
SVK,77T82,1.1266003067067933,1.2081492913539653,1.2947762419639532
SVK,84,1.2530610753326508,1.16324955882953,1.2947762419639532
SVK,85,1.2601483457509968,1.1728009484306912,1.2947762419639532
SVK,86T88,1.2637328850102125,1.1955475369400845,1.2947762419639532
SVK,90T93,1.229730299291357,1.2202230611685425,1.2947762419639532
SVK,94T98,1.21897861572182,1.2121546736531226,1.2947762419639532
SVN,01T02,0.3551668392352298,1.3969504152781735,1.308817416385604
SVN,03,1.4418283635842772,1.2790701057005518,1.308817416385604
SVN,05T06,0.08286536457076826,1.2720176151658615,1.308817416385604
SVN,07T08,0.5165894586114421,1.388699520096693,1.308817416385604
SVN,10T12,1.2646622700730221,1.4260746822652197,1.308817416385604
SVN,13T15,1.1730774897233844,1.2465612582195595,1.308817416385604
SVN,16,0.5141954150658845,1.460885758239158,1.308817416385604
SVN,17T18,0.7152803619069074,1.3723307526526891,1.308817416385604
SVN,19,3.4474134496183345e-07,1.3856733793718201,1.308817416385604
SVN,20,1.6371439123670886,1.4097821717146588,1.308817416385604
SVN,21,1.3385232459665002,1.2239803639329416,1.308817416385604
SVN,22,1.5899544809736084,1.3271026302044455,1.308817416385604
SVN,23,0.19827836846212799,1.4147919953590515,1.308817416385604
SVN,24,2.549472300329266,1.5268647110709626,1.308817416385604
SVN,25,1.2944325869311182,1.3370135679508615,1.308817416385604
SVN,26,1.1736418467735246,1.2364535540743682,1.308817416385604
SVN,27,1.1302820841874623,1.3497878103825802,1.308817416385604
SVN,28,1.0744976880674826,1.3477044708028258,1.308817416385604
SVN,29T30,1.1448490448762334,1.3216193337954343,1.308817416385604
SVN,31T33,1.3963270611937761,1.2925108297696994,1.308817416385604
SVN,35,0.19877338226414615,1.3830248808509862,1.308817416385604
SVN,36T39,1.3294448388890259,1.3241203365256067,1.308817416385604
SVN,41T43,1.2121333086563608,1.336565990894662,1.308817416385604
SVN,45T47,1.1217784688105932,1.2283711448766363,1.308817416385604
SVN,49,0.7315642673558035,1.2987593738578518,1.308817416385604
SVN,50,0.08941799967568896,1.5761185181394617,1.308817416385604
SVN,51,1.725204166783821,1.293373790987344,1.308817416385604
SVN,52,1.0723660696765502,1.2783245361249667,1.308817416385604
SVN,53,1.1160369189445305,1.2156242493513396,1.308817416385604
SVN,55T56,1.2007152751809966,1.2762133346031899,1.308817416385604
SVN,58T60,1.0660100299728539,1.192072090218785,1.308817416385604
SVN,61,1.1433811834693086,1.1685950204037834,1.308817416385604
SVN,62T63,1.0795194457944646,1.1725820816203671,1.308817416385604
SVN,64T66,1.1470434214253307,1.1691751600268605,1.308817416385604
SVN,68,1.2837655077891805,1.1722521545611524,1.308817416385604
SVN,69T75,1.0956769677909544,1.2153837292373195,1.308817416385604
SVN,77T82,1.131115655686297,1.2230839369992366,1.308817416385604
SVN,84,1.2746457329516034,1.1946815936103914,1.308817416385604
SVN,85,1.2730933131526025,1.1937940316874385,1.308817416385604
SVN,86T88,1.2870481426647469,1.2046809037990176,1.308817416385604
SVN,90T93,1.2628198207516794,1.2243652258840005,1.308817416385604
SVN,94T98,1.2343233537513882,1.2125148675719193,1.308817416385604
SWE,01T02,0.15698544769658102,1.714425463436018,1.296356607419964
SWE,03,0.7470918114052129,1.2797497157329998,1.296356607419964
SWE,05T06,0.4326165432340727,1.3632718617893478,1.296356607419964
SWE,07T08,1.396540537189736,1.2784447589048842,1.296356607419964
SWE,10T12,1.2446980352068377,1.4725600523042768,1.296356607419964
SWE,13T15,1.0924480127659044,1.2950499978801844,1.296356607419964
SWE,16,0.79526039206039,1.8190983454198033,1.296356607419964
SWE,17T18,0.8283199937735104,1.5195651477410945,1.296356607419964
SWE,19,1.1895066776822734,1.5820810001626993,1.296356607419964
SWE,20,0.5157306384383719,1.3490143719452683,1.296356607419964
SWE,21,1.3479704755015107,1.262766483355444,1.296356607419964
SWE,22,1.5627683830724903,1.3514805079840264,1.296356607419964
SWE,23,0.9716704261569004,1.4055797177572034,1.296356607419964
SWE,24,2.4736095366970043,1.4325690134661884,1.296356607419964
SWE,25,1.255433278031027,1.3753532817433107,1.296356607419964
SWE,26,1.194987790917475,1.249649100225175,1.296356607419964
SWE,27,1.2502991032214268,1.3169564007690335,1.296356607419964
SWE,28,1.2057979830461458,1.273484729360188,1.296356607419964
SWE,29T30,1.2058693870160544,1.2779750811607327,1.296356607419964
SWE,31T33,1.2518937919954907,1.3002259872060293,1.296356607419964
SWE,35,1.8021395476452475,1.29351395148451,1.296356607419964
SWE,36T39,1.3748302238860515,1.2709475811192257,1.296356607419964
SWE,41T43,1.2504643807309426,1.3079985821952729,1.296356607419964
SWE,45T47,1.1434147486971526,1.2284338864494326,1.296356607419964
SWE,49,1.0764491796320843,1.2803390230516374,1.296356607419964
SWE,50,0.2165853081663434,1.3734065696689866,1.296356607419964
SWE,51,0.7199147754333619,1.3264841658607682,1.296356607419964
SWE,52,1.0788870595202653,1.3148212482410655,1.296356607419964
SWE,53,1.1514185309015346,1.2307879753665805,1.296356607419964
SWE,55T56,1.2128154578734227,1.2877452067375428,1.296356607419964
SWE,58T60,1.098569181778715,1.2138403274118865,1.296356607419964
SWE,61,1.145330014895476,1.2133095785059251,1.296356607419964
SWE,62T63,1.0494962386807054,1.2031740315579882,1.296356607419964
SWE,64T66,1.137151752568378,1.2048524748979947,1.296356607419964
SWE,68,1.2509295938841345,1.2384557855366427,1.296356607419964
SWE,69T75,1.1622213502990628,1.217922321870646,1.296356607419964
SWE,77T82,1.148668021366511,1.253377440630687,1.296356607419964
SWE,84,1.2729392438377078,1.2249790794854627,1.296356607419964
SWE,85,1.2814936031402342,1.2191193141006236,1.296356607419964
SWE,86T88,1.2882876630492126,1.2187318479883822,1.296356607419964
SWE,90T93,1.2367281435083965,1.2557319110947198,1.296356607419964
SWE,94T98,1.2548748173543058,1.229357221621415,1.296356607419964
THA,01T02,0.43704678500549654,1.138795429725032,1.196076495206471
THA,03,0.8394328189608563,1.13372602496783,1.196076495206471
THA,05T06,0.14973989589213543,1.1033466415331226,1.196076495206471
THA,07T08,0.5526238766398185,1.1607549567130917,1.196076495206471
THA,10T12,0.9452484210402113,1.590489801025993,1.196076495206471
THA,13T15,1.1898237747702258,1.2108326224230888,1.196076495206471
THA,16,0.7534750140837764,1.3665585289776798,1.196076495206471
THA,17T18,0.8274191554750558,1.26869261374461,1.196076495206471
THA,19,0.7326469533305832,1.7450333935489546,1.196076495206471
THA,20,0.40163324765313657,1.4257378339206337,1.196076495206471
THA,21,0.9113995035473029,1.3177374485480264,1.196076495206471
THA,22,0.8731618101203729,1.5604634866710374,1.196076495206471
THA,23,0.17504005290798863,1.6079116470914268,1.196076495206471
THA,24,0.23620834926866624,1.5590673154423644,1.196076495206471
THA,25,0.8398077081799118,1.5171376591125345,1.196076495206471
THA,26,1.1228435018374525,1.204186153971466,1.196076495206471
THA,27,1.0036931913203053,1.4103838786951852,1.196076495206471
THA,28,0.8776428419364316,1.3527197005435025,1.196076495206471
THA,29T30,0.9285236608541795,1.3385852710553983,1.196076495206471
THA,31T33,1.0157899751173454,1.333577635708262,1.196076495206471
THA,35,0.42550928049373465,1.5015331680122408,1.196076495206471
THA,36T39,1.0229110948537383,1.1241364804979366,1.196076495206471
THA,41T43,1.1260980510488792,1.6933546181680246,1.196076495206471
THA,45T47,1.1131271565265242,1.0043942381143125,1.196076495206471
THA,49,0.33483737122970597,1.4061688298709218,1.196076495206471
THA,50,0.4089594640515498,1.2578675101837473,1.196076495206471
THA,51,0.31112905922581985,1.443000342540303,1.196076495206471
THA,52,0.9007479759126913,1.2601248130503153,1.196076495206471
THA,53,1.0794428014133564,1.034487624166409,1.196076495206471
THA,55T56,1.0078106287307602,1.3558910889343787,1.196076495206471
THA,58T60,0.9885966012150027,1.143421956166926,1.196076495206471
THA,61,1.239780836225964,1.0360782307674579,1.196076495206471
THA,62T63,0.8155513721295385,1.1161502626916178,1.196076495206471
THA,64T66,1.0066549724685299,0.9922029200569388,1.196076495206471
THA,68,1.2132215129688735,0.9854478777073296,1.196076495206471
THA,69T75,0.9581719327541758,1.0871635613472133,1.196076495206471
THA,77T82,0.8715791391040599,1.113325480000131,1.196076495206471
THA,84,1.1449880654637588,1.0352239918944612,1.196076495206471
THA,85,1.1610529479942386,1.0222080413164638,1.196076495206471
THA,86T88,1.1547777174620324,1.148228266075476,1.196076495206471
THA,90T93,1.1516709134883993,1.069093524564548,1.196076495206471
THA,94T98,1.0179785441478064,1.1895800056968515,1.196076495206471
TUN,01T02,0.5930762524662232,1.12628535539399,1.187470831762725
TUN,03,1.0374373687601897,1.0426705287543216,1.187470831762725
TUN,05T06,0.1963649059566427,1.525459472072316,1.187470831762725
TUN,07T08,0.23819146307952596,1.608670436193495,1.187470831762725
TUN,10T12,0.962559626619974,1.7282269690259875,1.187470831762725
TUN,13T15,0.9925039989623177,1.2564744734414106,1.187470831762725
TUN,16,1.116012769788673,1.3129130310491823,1.187470831762725
TUN,17T18,0.6633198929530949,1.3179947958844702,1.187470831762725
TUN,19,0.3226836338929925,2.402549725422273,1.187470831762725
TUN,20,0.6218108666595327,1.5082892953487845,1.187470831762725
TUN,21,0.8495375629570387,1.295619353484844,1.187470831762725
TUN,22,0.05168634672579787,1.4073885789300031,1.187470831762725
TUN,23,0.028041262728632787,1.8234690746314237,1.187470831762725
TUN,24,1.7176677939021296,1.745421435615627,1.187470831762725
TUN,25,0.9550709163082777,1.4183928708653575,1.187470831762725
TUN,26,1.1037759861547083,1.3130399412505398,1.187470831762725
TUN,27,1.1042826938003454,1.384099490585511,1.187470831762725
TUN,28,1.1029123411077728,1.3230306314710205,1.187470831762725
TUN,29T30,1.1848905331651995,1.292465629934789,1.187470831762725
TUN,31T33,0.15699615713590942,1.270424953047746,1.187470831762725
TUN,35,0.07600879057765604,2.0357431488797846,1.187470831762725
TUN,36T39,1.0346535838862232,1.528693304159214,1.187470831762725
TUN,41T43,1.0756923340740536,1.5902962754497412,1.187470831762725
TUN,45T47,1.1331254753149085,1.0766551258190542,1.187470831762725
TUN,49,0.5486540697420237,1.149706860905528,1.187470831762725
TUN,50,1.4210578229815742,1.2181476108095786,1.187470831762725
TUN,51,0.1704388733849906,1.2887440085683024,1.187470831762725
TUN,52,0.8473702706148011,1.080618266788738,1.187470831762725
TUN,53,1.0598512937007192,1.0708926452459695,1.187470831762725
TUN,55T56,1.1606086429017608,1.1716864903508601,1.187470831762725
TUN,58T60,1.0345994631492894,1.1776792806767244,1.187470831762725
TUN,61,1.1602712692946469,1.0436698873654844,1.187470831762725
TUN,62T63,1.0275367680261518,1.0801489826736654,1.187470831762725
TUN,64T66,1.0299699842993253,1.0097043677178685,1.187470831762725
TUN,68,1.1407345703313403,1.042218223976348,1.187470831762725
TUN,69T75,1.058916966808785,1.1086655659651845,1.187470831762725
TUN,77T82,1.040724732386114,1.1104791108230627,1.187470831762725
TUN,84,1.1495836049777588,1.0022062858307845,1.187470831762725
TUN,85,1.2092616967891818,1.0273567502329044,1.187470831762725
TUN,86T88,1.1601734115172548,1.0904504235802364,1.187470831762725
TUN,90T93,1.0219271337758122,1.1675409780228039,1.187470831762725
TUN,94T98,1.21796315183748,1.0340669711095425,1.187470831762725
TUR,01T02,0.9436764016204066,1.3570366544306747,1.217212411894352
TUR,03,0.8952813195184575,1.1509415106648067,1.217212411894352
TUR,05T06,0.18262941395439758,1.2770154699019605,1.217212411894352
TUR,07T08,0.46750234969544996,1.161374611651966,1.217212411894352
TUR,10T12,1.0421217021416187,1.4989614684444825,1.217212411894352
TUR,13T15,0.9851372394360323,1.2125286599876837,1.217212411894352
TUR,16,0.5508963137188859,1.4643306586744662,1.217212411894352
TUR,17T18,0.9289276445754457,1.2626005008938377,1.217212411894352
TUR,19,0.734340005544422,1.5112158528471138,1.217212411894352
TUR,20,0.23316839490914204,1.3356572950467582,1.217212411894352
TUR,21,0.7324359545440773,1.2418555432984257,1.217212411894352
TUR,22,0.9646671564462507,1.4140820325559775,1.217212411894352
TUR,23,0.1638785163287562,1.6559183715197714,1.217212411894352
TUR,24,0.4760489915876006,1.5252694497048855,1.217212411894352
TUR,25,1.0875533935913284,1.3689594536516898,1.217212411894352
TUR,26,1.2996906161816508,1.1048271916862689,1.217212411894352
TUR,27,1.0236584867637666,1.412608509581513,1.217212411894352
TUR,28,1.0977483941350419,1.3172879013930112,1.217212411894352
TUR,29T30,1.2256909365264692,1.2458149282640105,1.217212411894352
TUR,31T33,1.1141458227943926,1.2745746330442511,1.217212411894352
TUR,35,0.12663774871213485,4.816159250986431,1.217212411894352
TUR,36T39,0.7596564652846044,1.285671243662904,1.217212411894352
TUR,41T43,1.1280795304216964,1.4069589721199378,1.217212411894352
TUR,45T47,0.9894819247970382,1.1042891276042324,1.217212411894352
TUR,49,0.7913594986023257,1.2207256610997324,1.217212411894352
TUR,50,0.6813768743269354,1.1408933203713802,1.217212411894352
TUR,51,0.2120626200245665,1.1514541975671093,1.217212411894352
TUR,52,0.9584457806415009,1.06167905582814,1.217212411894352
TUR,53,0.9296723759298751,1.1396493755512382,1.217212411894352
TUR,55T56,1.1280902440599,1.1941211675382137,1.217212411894352
TUR,58T60,1.0469386280600526,1.1222634566048761,1.217212411894352
TUR,61,1.1135442190709828,1.1213419575928711,1.217212411894352
TUR,62T63,1.0700453099630776,0.9913190167436079,1.217212411894352
TUR,64T66,1.0182677577774242,1.0418530088859068,1.217212411894352
TUR,68,1.0972789002027754,1.2136477832775787,1.217212411894352
TUR,69T75,1.0069332633310495,1.0806342480822686,1.217212411894352
TUR,77T82,1.018294380068982,1.0611643618949975,1.217212411894352
TUR,84,1.1148186472313937,1.1221930474080832,1.217212411894352
TUR,85,1.164468427526065,1.0319160920263997,1.217212411894352
TUR,86T88,1.173120705125157,1.1380634932165292,1.217212411894352
TUR,90T93,1.1351545744730123,1.104009673441531,1.217212411894352
TUR,94T98,1.1316767556913785,1.1506947934614609,1.217212411894352
TWN,01T02,1.4262299776176646,1.182506128285303,1.1747658063208124
TWN,03,0.5817362781369847,1.3228057510696427,1.1747658063208124
TWN,05T06,0.1781741544064369,1.2819390438676008,1.1747658063208124
TWN,07T08,0.15566322349508868,1.3738123882893287,1.1747658063208124
TWN,10T12,1.3033540111592892,1.2844947939362394,1.1747658063208124
TWN,13T15,0.5520966938782998,1.3972268624470081,1.1747658063208124
TWN,16,1.3416047414832704,1.3444889841847394,1.1747658063208124
TWN,17T18,0.7333566001958604,1.3975820059772757,1.1747658063208124
TWN,19,0.4853531001177647,1.5983357241988265,1.1747658063208124
TWN,20,0.4513859112137719,1.7713546782302705,1.1747658063208124
TWN,21,1.0141046749059583,1.231262912482801,1.1747658063208124
TWN,22,1.1704241488305902,1.4892186937908067,1.1747658063208124
TWN,23,0.6057347372562977,1.6574176448264009,1.1747658063208124
TWN,24,0.10519222675535074,1.8686244765271398,1.1747658063208124
TWN,25,0.7618212228738124,1.627895931683611,1.1747658063208124
TWN,26,1.0450294325767955,1.268632172111038,1.1747658063208124
TWN,27,1.1017323644730743,1.3860562686028897,1.1747658063208124
TWN,28,0.899191557602404,1.469566829353873,1.1747658063208124
TWN,29T30,1.074145991121346,1.3103119902948914,1.1747658063208124
TWN,31T33,1.1900553137629428,1.31181869646605,1.1747658063208124
TWN,35,0.13434508739051254,1.5579914024665673,1.1747658063208124
TWN,36T39,0.7337519952164506,1.2801385802473972,1.1747658063208124
TWN,41T43,1.1129927431939282,1.517393152713736,1.1747658063208124
TWN,45T47,1.0390986966639788,1.0898718950778732,1.1747658063208124
TWN,49,0.5953687391503658,1.2570057424317167,1.1747658063208124
TWN,50,0.294056252251225,1.5562811868860777,1.1747658063208124
TWN,51,0.3254261168166457,1.414429484759609,1.1747658063208124
TWN,52,0.8637966001140266,1.1393482899219767,1.1747658063208124
TWN,53,1.0269399982261032,1.2255306189634882,1.1747658063208124
TWN,55T56,1.1302576833773714,1.1780475151356737,1.1747658063208124
TWN,58T60,1.0220282323059944,1.1608704224649662,1.1747658063208124
TWN,61,1.12685514200624,1.0989246801032206,1.1747658063208124
TWN,62T63,1.0568060176941385,1.0736438013622398,1.1747658063208124
TWN,64T66,1.1210702011198954,1.039607011141898,1.1747658063208124
TWN,68,1.1412393048520841,1.052971567895078,1.1747658063208124
TWN,69T75,1.0530030234059724,1.126210755467091,1.1747658063208124
TWN,77T82,1.0057219631753422,1.0921686377119633,1.1747658063208124
TWN,84,1.1511946161002413,1.073509999532151,1.1747658063208124
TWN,85,1.1645669089213946,1.0711561924961963,1.1747658063208124
TWN,86T88,1.144926758412239,1.132535154427141,1.1747658063208124
TWN,90T93,1.1171078208037817,1.1116823592046898,1.1747658063208124
TWN,94T98,1.152106041510148,1.1009457124596094,1.1747658063208124
USA,01T02,0.5297653896568861,1.4889386012709316,1.2187852573100226
USA,03,1.238997729788223,1.139909093918136,1.2187852573100226
USA,05T06,0.49997878269648205,1.2606876147260577,1.2187852573100226
USA,07T08,0.8887609683644984,1.268339512163137,1.2187852573100226
USA,10T12,1.0844627981024166,1.5486323464432616,1.2187852573100226
USA,13T15,0.9825165429147131,1.2781170116874534,1.2187852573100226
USA,16,1.1679274935111001,1.3795405820622144,1.2187852573100226
USA,17T18,1.0175482547816557,1.3047180128975577,1.2187852573100226
USA,19,0.9316576274339881,1.592092921480942,1.2187852573100226
USA,20,0.8246376016255199,1.3474889827456444,1.2187852573100226
USA,21,0.9780866532157648,1.1875272457870443,1.2187852573100226
USA,22,1.2006274727129038,1.3362197881455045,1.2187852573100226
USA,23,0.7769086064403676,1.336118904629662,1.2187852573100226
USA,24,1.4175956481058924,1.4329059380403286,1.2187852573100226
USA,25,1.2004941871157044,1.3045013666671381,1.2187852573100226
USA,26,1.238622651528384,1.1353601368296102,1.2187852573100226
USA,27,1.2894430861003416,1.2484799253668568,1.2187852573100226
USA,28,1.1612971431784103,1.24227512645188,1.2187852573100226
USA,29T30,1.2017536969016407,1.2390203490700502,1.2187852573100226
USA,31T33,1.4078434573760807,1.2112130764294706,1.2187852573100226
USA,35,0.24581360552861292,1.279570396686009,1.2187852573100226
USA,36T39,1.0937429375894299,1.1743610987797866,1.2187852573100226
USA,41T43,1.1333784061891126,1.2380384667325177,1.2187852573100226
USA,45T47,1.106054138279236,1.1730120969892979,1.2187852573100226
USA,49,0.8403267584831376,1.20495609562622,1.2187852573100226
USA,50,0.6840887522109528,1.2213115888663413,1.2187852573100226
USA,51,0.6175038655887213,1.1875115840696469,1.2187852573100226
USA,52,0.9509897453677173,1.2390975569553577,1.2187852573100226
USA,53,0.833982842819522,1.2076710099163492,1.2187852573100226
USA,55T56,1.1718634862195838,1.2014545137197574,1.2187852573100226
USA,58T60,1.1697460514722684,1.1396132105639567,1.2187852573100226
USA,61,1.1509978032964001,1.1528122685818727,1.2187852573100226
USA,62T63,1.1047227718355546,1.1358312353848135,1.2187852573100226
USA,64T66,1.1132770388930344,1.1358080486322013,1.2187852573100226
USA,68,1.1694870038417653,1.172018998167172,1.2187852573100226
USA,69T75,1.1136476338471237,1.14511941415602,1.2187852573100226
USA,77T82,1.0816678852515687,1.1515147254228868,1.2187852573100226
USA,84,1.1287010769637111,1.1834044188440143,1.2187852573100226
USA,85,1.1388682262735337,1.1620790579759293,1.2187852573100226
USA,86T88,1.2042469072369728,1.1526470556977464,1.2187852573100226
USA,90T93,1.1741102089076514,1.1605349173551103,1.2187852573100226
USA,94T98,1.187055834612033,1.1556962196545855,1.2187852573100226
VNM,01T02,0.42930426997913473,1.4330425602187677,1.1255702730912462
VNM,03,0.79709132237106,1.398319959758323,1.1255702730912462
VNM,05T06,0.40386070733171175,1.211654992648486,1.1255702730912462
VNM,07T08,0.011176374701772194,1.467195602055016,1.1255702730912462
VNM,10T12,0.7695845324484359,1.8170248238089646,1.1255702730912462
VNM,13T15,1.0151199277168759,1.232357160699446,1.1255702730912462
VNM,16,0.4049044752969965,2.0107238287368046,1.1255702730912462
VNM,17T18,0.5761073758293247,1.4506484725001716,1.1255702730912462
VNM,19,0.28492000747738616,1.6718543913124753,1.1255702730912462
VNM,20,0.6104245369719575,1.5913502722514483,1.1255702730912462
VNM,21,0.883293224713768,1.2413554826885826,1.1255702730912462
VNM,22,1.0685000893694114,1.5135875816272815,1.1255702730912462
VNM,23,0.1058656456534645,1.8587745892375376,1.1255702730912462
VNM,24,0.15723988455210228,1.9129328792850424,1.1255702730912462
VNM,25,0.4595261647386379,1.7726197425257564,1.1255702730912462
VNM,26,1.1110269819566079,1.214401039292253,1.1255702730912462
VNM,27,0.9346605981477267,1.4637952401760057,1.1255702730912462
VNM,28,1.1210877853371561,1.271598065510461,1.1255702730912462
VNM,29T30,1.05432799073678,1.2969302188926837,1.1255702730912462
VNM,31T33,0.6771452808600503,1.4930595169580994,1.1255702730912462
VNM,35,0.06136807783795712,1.2158601051418745,1.1255702730912462
VNM,36T39,0.865060622513638,1.175540328489057,1.1255702730912462
VNM,41T43,0.9941881255344327,1.776901148821942,1.1255702730912462
VNM,45T47,0.8669739825420256,1.0599612732734789,1.1255702730912462
VNM,49,0.3174964218407944,1.3731681698253133,1.1255702730912462
VNM,50,0.10447431148767118,1.4229239319015814,1.1255702730912462
VNM,51,0.2594218326168389,1.4209350312340485,1.1255702730912462
VNM,52,0.795249794890655,1.0685171062230514,1.1255702730912462
VNM,53,0.7403722367775741,1.1642623018457758,1.1255702730912462
VNM,55T56,0.9192270009287181,1.348765315287784,1.1255702730912462
VNM,58T60,0.9564118710969803,1.1444831244602394,1.1255702730912462
VNM,61,1.0050724630142185,1.1320036650684642,1.1255702730912462
VNM,62T63,1.264114075486176,0.9320871201149831,1.1255702730912462
VNM,64T66,0.922717271278828,0.9367431213221751,1.1255702730912462
VNM,68,1.0438557510955238,1.0731086295634165,1.1255702730912462
VNM,69T75,0.9256111586480146,1.0411320531178707,1.1255702730912462
VNM,77T82,0.9282806166952089,1.0642183539647776,1.1255702730912462
VNM,84,1.0576472608248702,1.0673601735814942,1.1255702730912462
VNM,85,1.0767385966955727,0.9792434943546016,1.1255702730912462
VNM,86T88,1.1034775393918868,1.1138218076182151,1.1255702730912462
VNM,90T93,1.1410119283317623,1.0212780190063284,1.1255702730912462
VNM,94T98,1.071791229317823,1.1341064245555008,1.1255702730912462
ZAF,01T02,0.36316147036293783,1.2624251415684198,0.9493363437331481
ZAF,03,0.8771932983787304,0.958701827330009,0.9493363437331481
ZAF,05T06,0.36741837482481815,1.1403508691455462,0.9493363437331481
ZAF,07T08,0.13959115601423952,1.2627458615169123,0.9493363437331481
ZAF,10T12,1.0551265970831092,1.4148830478195742,0.9493363437331481
ZAF,13T15,1.0855279648485996,1.1830395022150477,0.9493363437331481
ZAF,16,1.0498925530711054,1.2528932889998023,0.9493363437331481
ZAF,17T18,1.0844960177525869,1.099471903263466,0.9493363437331481
ZAF,19,0.27888155668432035,1.284668177103733,0.9493363437331481
ZAF,20,0.5308971403572513,1.389506995243718,0.9493363437331481
ZAF,21,0.726771981966382,1.1896481003509038,0.9493363437331481
ZAF,22,0.12959700799412455,1.2829823152851987,0.9493363437331481
ZAF,23,0.1502076210769801,1.436672184143512,0.9493363437331481
ZAF,24,0.0002042285686638315,1.8510380234865567,0.9493363437331481
ZAF,25,0.6527788739930022,1.4976736453688768,0.9493363437331481
ZAF,26,1.0428265578363494,1.1286715533938916,0.9493363437331481
ZAF,27,0.8047928560534175,1.3303495591972672,0.9493363437331481
ZAF,28,0.9984854163737934,1.2026189875309845,0.9493363437331481
ZAF,29T30,0.9938105092521451,1.2635373873940234,0.9493363437331481
ZAF,31T33,0.01739838702802927,1.3318594260391001,0.9493363437331481
ZAF,35,0.04084128599857349,1.3134231720160996,0.9493363437331481
ZAF,36T39,0.8381411260193571,0.9375892200149155,0.9493363437331481
ZAF,41T43,0.7813325403234901,1.2353696302787585,0.9493363437331481
ZAF,45T47,0.8015808543054597,0.904229126277568,0.9493363437331481
ZAF,49,0.6783732765548822,0.9956950673539243,0.9493363437331481
ZAF,50,0.011195963023631472,0.9951204534814632,0.9493363437331481
ZAF,51,0.4491605067178158,1.1314667687109499,0.9493363437331481
ZAF,52,0.5104247781017753,1.0821658791539817,0.9493363437331481
ZAF,53,0.8412063647950682,0.9634278652639816,0.9493363437331481
ZAF,55T56,1.088410689825701,0.9520534519268176,0.9493363437331481
ZAF,58T60,0.9306250974897518,0.9650147063010033,0.9493363437331481
ZAF,61,0.9009952847637754,0.9816544769922864,0.9493363437331481
ZAF,62T63,0.7738529325772743,0.9857955912009848,0.9493363437331481
ZAF,64T66,0.878812490973516,0.8257814673180038,0.9493363437331481
ZAF,68,0.8635559506312096,0.8829593907527393,0.9493363437331481
ZAF,69T75,0.8063143311136021,0.930475834150831,0.9493363437331481
ZAF,77T82,0.7651826622964933,0.9693608322712641,0.9493363437331481
ZAF,84,0.8843188385335544,0.8728815707095814,0.9493363437331481
ZAF,85,0.9340277174324239,0.8199435399432876,0.9493363437331481
ZAF,86T88,0.8987799395393044,0.8867242335641101,0.9493363437331481
ZAF,90T93,0.7887065576014268,0.9354218168245934,0.9493363437331481
ZAF,94T98,0.921126004061406,0.7798725802323164,0.9493363437331481
