country,sector,output_hat,price_hat,spending_hat
ARG,01T02,0.6648807713086298,1.0684535705477636,1.0264421362177778
ARG,03,1.0029733080344423,0.9936433297327791,1.0264421362177778
ARG,05T06,0.8104252612122147,1.015825676161559,1.0264421362177778
ARG,07T08,1.0117861018107854,0.9968417265535242,1.0264421362177778
ARG,10T12,0.9845257921014702,1.1361262922045847,1.0264421362177778
ARG,13T15,0.9742564992282399,1.0321193016480508,1.0264421362177778
ARG,16,1.0271859133054058,1.019059519587624,1.0264421362177778
ARG,17T18,1.0361123968181045,1.0087248409529612,1.0264421362177778
ARG,19,0.9329732376609997,1.0893081270467657,1.0264421362177778
ARG,20,1.0088156652445586,1.0258643430761647,1.0264421362177778
ARG,21,1.039686880837681,1.0047420393418804,1.0264421362177778
ARG,22,0.970748938129278,1.024045140604904,1.0264421362177778
ARG,23,0.9044395231194474,1.0186385114390741,1.0264421362177778
ARG,24,0.9820444100134503,1.0343926084917565,1.0264421362177778
ARG,25,1.0612305894816711,1.0212285045378982,1.0264421362177778
ARG,26,1.041547219870869,1.0209344998957612,1.0264421362177778
ARG,27,1.0524957427404231,1.0256086970364728,1.0264421362177778
ARG,28,1.0433857348077298,1.0151882959154033,1.0264421362177778
ARG,29T30,1.0124260899644004,1.023309972933651,1.0264421362177778
ARG,31T33,1.0250374898763523,1.006196487753742,1.0264421362177778
ARG,35,0.8585000405290056,1.054568156153202,1.0264421362177778
ARG,36T39,1.0102381670727325,0.9999139142133779,1.0264421362177778
ARG,41T43,1.0193750568861855,1.009619720888455,1.0264421362177778
ARG,45T47,1.0071130585887618,0.9887423477577076,1.0264421362177778
ARG,49,0.9673496095785447,1.0025879749512834,1.0264421362177778
ARG,50,0.9053433470343187,1.0044924968327398,1.0264421362177778
ARG,51,0.907899808330292,1.0317699755617673,1.0264421362177778
ARG,52,0.9875390678653585,1.0095770342233297,1.0264421362177778
ARG,53,1.0343089065641202,0.9965755463156084,1.0264421362177778
ARG,55T56,1.026454380180546,1.023357009723189,1.0264421362177778
ARG,58T60,1.0355509823530595,0.9957970918174126,1.0264421362177778
ARG,61,1.0285215618214152,0.9931322667311651,1.0264421362177778
ARG,62T63,1.0432086906344002,0.9935391907057853,1.0264421362177778
ARG,64T66,1.0170558757082164,0.9878757688464771,1.0264421362177778
ARG,68,1.0283082293524073,0.9823429518583692,1.0264421362177778
ARG,69T75,1.0244937718278846,0.9912056749760427,1.0264421362177778
ARG,77T82,1.0099998929342138,0.987541877226602,1.0264421362177778
ARG,84,1.0223736681265143,0.9911256662451016,1.0264421362177778
ARG,85,1.0254713472510146,0.9870173993587557,1.0264421362177778
ARG,86T88,1.024790092696166,0.9887112938190941,1.0264421362177778
ARG,90T93,1.0303810895915118,0.996020506082935,1.0264421362177778
ARG,94T98,1.0241979490945392,0.9923149846468111,1.0264421362177778
AUS,01T02,0.731212840708284,1.0538861898464789,1.018220952851094
AUS,03,0.964504733759184,1.056438653562637,1.018220952851094
AUS,05T06,0.8541307213092894,1.0101512610633332,1.018220952851094
AUS,07T08,1.0533144790943474,1.01683942455099,1.018220952851094
AUS,10T12,0.980275879192782,1.1028827864952828,1.018220952851094
AUS,13T15,0.9116902167590266,1.0656945208501416,1.018220952851094
AUS,16,1.0234692472673155,1.0547319004115883,1.018220952851094
AUS,17T18,1.0194511365318406,1.0281512522437737,1.018220952851094
AUS,19,0.7832163358306988,1.0377709758058307,1.018220952851094
AUS,20,0.8920033997239961,1.0421106658280863,1.018220952851094
AUS,21,0.9986244870122953,1.0286848889081897,1.018220952851094
AUS,22,1.074403082099951,1.0404425837116382,1.018220952851094
AUS,23,0.9895377669990177,1.0309631492207587,1.018220952851094
AUS,24,1.1976446235729175,1.0470453670133044,1.018220952851094
AUS,25,1.0409640159578646,1.0393984467762725,1.018220952851094
AUS,26,1.0466115838057666,1.0140110511695242,1.018220952851094
AUS,27,1.072847484821193,1.0249837217946454,1.018220952851094
AUS,28,1.0403526135368102,1.0233063188880738,1.018220952851094
AUS,29T30,1.0429046017179426,1.02812622014079,1.018220952851094
AUS,31T33,1.0349485998411365,1.0198090402417501,1.018220952851094
AUS,35,0.7177936553425712,1.1124403878152567,1.018220952851094
AUS,36T39,0.9914390188375329,1.0094256426230428,1.018220952851094
AUS,41T43,1.0073675591132618,1.0216243905687123,1.018220952851094
AUS,45T47,1.0018460252680106,1.0123784187904976,1.018220952851094
AUS,49,0.9568762408608126,1.0190245924999892,1.018220952851094
AUS,50,0.9707363368792123,1.01721759345365,1.018220952851094
AUS,51,0.9484410334770674,1.0216119748642702,1.018220952851094
AUS,52,0.9959365215318842,1.0066299691926466,1.018220952851094
AUS,53,0.9917148271247178,1.0172991965034972,1.018220952851094
AUS,55T56,1.0218552714374698,1.023242122267056,1.018220952851094
AUS,58T60,1.0263189125052479,1.0072454811790692,1.018220952851094
AUS,61,1.0093116965138726,1.0081310369287768,1.018220952851094
AUS,62T63,1.0098728283835214,1.0001249476122165,1.018220952851094
AUS,64T66,0.9963540707091382,0.9956121490835995,1.018220952851094
AUS,68,1.0149347058178755,0.9957893344479284,1.018220952851094
AUS,69T75,1.000154629496666,1.0018400112260861,1.018220952851094
AUS,77T82,1.000357982267227,1.0045536260003456,1.018220952851094
AUS,84,1.0142075119568839,1.0090803191042892,1.018220952851094
AUS,85,1.0210301628578633,0.9997909429467406,1.018220952851094
AUS,86T88,1.017658358535734,1.0009224245204003,1.018220952851094
AUS,90T93,1.0191054133358093,1.0020563197482986,1.018220952851094
AUS,94T98,1.0152358736204605,1.0009337706910972,1.018220952851094
AUT,01T02,1.0205075523196827,1.0606998319644223,1.0542815617289722
AUT,03,1.04534205521393,1.0493285261866971,1.0542815617289722
AUT,05T06,0.7801713082764693,1.0513907367106956,1.0542815617289722
AUT,07T08,0.9851011694482708,1.0560571760937285,1.0542815617289722
AUT,10T12,1.065326369641938,1.0607471782454512,1.0542815617289722
AUT,13T15,1.017168861146349,1.0451123547188514,1.0542815617289722
AUT,16,1.037676618461656,1.0623853510693773,1.0542815617289722
AUT,17T18,0.9753628816881722,1.0557046678139044,1.0542815617289722
AUT,19,1.0108364165897095,1.074214744895698,1.0542815617289722
AUT,20,1.0352453209072894,1.0620110503176474,1.0542815617289722
AUT,21,1.0222886458868492,1.0449697360832535,1.0542815617289722
AUT,22,1.080134252197967,1.0524956596012218,1.0542815617289722
AUT,23,1.0389486574388558,1.0558999434792504,1.0542815617289722
AUT,24,1.0460349660489354,1.0708480636443172,1.0542815617289722
AUT,25,1.0401751772935848,1.0562249630031013,1.0542815617289722
AUT,26,1.0354178463527273,1.0439868323599373,1.0542815617289722
AUT,27,1.0475415163666155,1.0492853059366627,1.0542815617289722
AUT,28,1.0365246232124088,1.047356979099737,1.0542815617289722
AUT,29T30,1.0334160924975526,1.0477398111377028,1.0542815617289722
AUT,31T33,1.0509869752543006,1.052027851360964,1.0542815617289722
AUT,35,1.0448473869082695,1.075709633913648,1.0542815617289722
AUT,36T39,1.036384479175874,1.0439806388995558,1.0542815617289722
AUT,41T43,1.0457319653356238,1.0488799057793619,1.0542815617289722
AUT,45T47,1.026334579847194,1.0406892349686239,1.0542815617289722
AUT,49,1.003924740384063,1.0437895866173952,1.0542815617289722
AUT,50,1.059286184467429,1.0472706084007686,1.0542815617289722
AUT,51,0.9960036944733639,1.0443811188531755,1.0542815617289722
AUT,52,1.021911387482858,1.0403521991444782,1.0542815617289722
AUT,53,1.0282122726314595,1.0390495341419708,1.0542815617289722
AUT,55T56,1.0459950780391511,1.0429359026931875,1.0542815617289722
AUT,58T60,1.014927757604064,1.0419424139009998,1.0542815617289722
AUT,61,1.0239625590262038,1.0388914652485342,1.0542815617289722
AUT,62T63,1.0053424625169824,1.0361503867661264,1.0542815617289722
AUT,64T66,1.0230439234864388,1.037697103241326,1.0542815617289722
AUT,68,1.04661617345995,1.039671631772328,1.0542815617289722
AUT,69T75,1.0198207832389363,1.0393427981658496,1.0542815617289722
AUT,77T82,1.0329527605994009,1.039800354102015,1.0542815617289722
AUT,84,1.0502795284851523,1.0400404629013262,1.0542815617289722
AUT,85,1.0498883669051764,1.039111849488367,1.0542815617289722
AUT,86T88,1.0509291318168004,1.041026811782081,1.0542815617289722
AUT,90T93,1.0444160965913272,1.0404795890751943,1.0542815617289722
AUT,94T98,1.0473520676678392,1.0403430652477748,1.0542815617289722
BEL,01T02,0.9682812005842372,1.0622836522669479,1.048628587117828
BEL,03,1.0390801867886967,1.0440218361736917,1.048628587117828
BEL,05T06,0.005918306185602814,1.149478925581571,1.048628587117828
BEL,07T08,0.9865881566317576,1.0427140306644924,1.048628587117828
BEL,10T12,1.0372238764522963,1.0678416720292017,1.048628587117828
BEL,13T15,0.9998773158951014,1.0456408221925033,1.048628587117828
BEL,16,1.0620090712433072,1.055161959904419,1.048628587117828
BEL,17T18,1.023960762503904,1.0499202273497799,1.048628587117828
BEL,19,1.0068959859227322,1.0672291483460215,1.048628587117828
BEL,20,0.9927264749024959,1.0543107462269052,1.048628587117828
BEL,21,1.0235051980092364,1.038455757628356,1.048628587117828
BEL,22,1.0679366137972273,1.0583211621634918,1.048628587117828
BEL,23,1.000340812759543,1.0477298011372913,1.048628587117828
BEL,24,1.2015301957751416,1.0687388828884492,1.048628587117828
BEL,25,1.0498955341238247,1.0534187236173265,1.048628587117828
BEL,26,1.0356915059232668,1.0421310659732421,1.048628587117828
BEL,27,1.0423363350557278,1.0517737419708029,1.048628587117828
BEL,28,1.0362517004741514,1.0468475435777478,1.048628587117828
BEL,29T30,1.04166190125273,1.0441265210501574,1.048628587117828
BEL,31T33,1.0857567687823753,1.0404728811690445,1.048628587117828
BEL,35,0.9774204364517267,1.05456338443203,1.048628587117828
BEL,36T39,1.0743699565302893,1.0418316689901688,1.048628587117828
BEL,41T43,1.0426248152659596,1.0456852001772512,1.048628587117828
BEL,45T47,1.0251426405085642,1.0367319964502109,1.048628587117828
BEL,49,1.0261574765564958,1.0403118597456256,1.048628587117828
BEL,50,0.6726744320434631,1.0578332571163502,1.048628587117828
BEL,51,1.0073965083489307,1.0528439824067748,1.048628587117828
BEL,52,1.0016344107011528,1.0415021962007789,1.048628587117828
BEL,53,1.0133957839417047,1.0416805123001023,1.048628587117828
BEL,55T56,1.0371956196704226,1.0443034227529142,1.048628587117828
BEL,58T60,1.0111612827801209,1.0355423172460827,1.048628587117828
BEL,61,1.0181606801452472,1.0329504400081482,1.048628587117828
BEL,62T63,1.0128743399919038,1.0343427219789947,1.048628587117828
BEL,64T66,1.0165987159589112,1.028652936456306,1.048628587117828
BEL,68,1.0412926960562916,1.0327217547455692,1.048628587117828
BEL,69T75,1.0184099217385367,1.0340721400524289,1.048628587117828
BEL,77T82,1.0213174128235771,1.0382261350395452,1.048628587117828
BEL,84,1.0455680681491353,1.0334050209452124,1.048628587117828
BEL,85,1.04593084584686,1.032301423789942,1.048628587117828
BEL,86T88,1.0463751157263337,1.0364006352421347,1.048628587117828
BEL,90T93,1.0385669384039016,1.0374365373073282,1.048628587117828
BEL,94T98,1.0408015097107794,1.0364751832499386,1.048628587117828
BGR,01T02,0.7425289948269437,1.0544543303371947,1.0559675717148354
BGR,03,1.0188765967734623,1.0648878292492097,1.0559675717148354
BGR,05T06,0.8570903459782256,1.0793002282282849,1.0559675717148354
BGR,07T08,0.9657365847130504,1.0477840496796391,1.0559675717148354
BGR,10T12,1.0353867430040578,1.0693890760184628,1.0559675717148354
BGR,13T15,1.0594170984189317,1.0323625145734172,1.0559675717148354
BGR,16,0.9720764035765974,1.0786048804884472,1.0559675717148354
BGR,17T18,1.0009538011775532,1.0487790214443669,1.0559675717148354
BGR,19,0.9228718135738339,1.054548194082535,1.0559675717148354
BGR,20,0.5772808301224623,1.0746539091427572,1.0559675717148354
BGR,21,0.703376756718412,1.0656086108384497,1.0559675717148354
BGR,22,1.1050348066072126,1.0500767723420643,1.0559675717148354
BGR,23,0.7380967194262218,1.0720614109230504,1.0559675717148354
BGR,24,1.262207808526397,1.0819607992934392,1.0559675717148354
BGR,25,1.05531231805382,1.047047842138764,1.0559675717148354
BGR,26,1.043535966559784,1.036301556248907,1.0559675717148354
BGR,27,1.0462048977918699,1.0487729577865414,1.0559675717148354
BGR,28,1.0352822403630266,1.0457234407711309,1.0559675717148354
BGR,29T30,1.0482884485074544,1.0397979875719061,1.0559675717148354
BGR,31T33,1.104802050953058,1.0321663491800832,1.0559675717148354
BGR,35,0.6271205279017992,1.040212244867194,1.0559675717148354
BGR,36T39,1.0270764709123978,1.0616062863454456,1.0559675717148354
BGR,41T43,1.0371237129729183,1.0499216505002211,1.0559675717148354
BGR,45T47,1.0094028615253972,1.0239771246181506,1.0559675717148354
BGR,49,0.9238966927623498,1.0364977933498443,1.0559675717148354
BGR,50,0.8782007192504954,1.0417759573429273,1.0559675717148354
BGR,51,1.1067485249144606,1.0405473570968689,1.0559675717148354
BGR,52,0.9936332806254365,1.0336202657357743,1.0559675717148354
BGR,53,1.0260905386124353,1.0187903631021398,1.0559675717148354
BGR,55T56,1.0363050049128775,1.0321726027736757,1.0559675717148354
BGR,58T60,1.0588190297934221,1.0114337470915629,1.0559675717148354
BGR,61,1.040916153489678,1.0222898958869078,1.0559675717148354
BGR,62T63,1.0374276453209905,1.0103606938425365,1.0559675717148354
BGR,64T66,1.0217647805224268,1.007802855872912,1.0559675717148354
BGR,68,1.0460427843610258,1.0151002144584858,1.0559675717148354
BGR,69T75,1.0348281823234546,1.0129269666443075,1.0559675717148354
BGR,77T82,1.0301667994417858,1.0192205019091833,1.0559675717148354
BGR,84,1.0528535713363585,1.0157232035371884,1.0559675717148354
BGR,85,1.0529516988498153,1.0036888182785673,1.0559675717148354
BGR,86T88,1.05026443476132,1.0193801779275415,1.0559675717148354
BGR,90T93,1.0450033135215184,1.0174470340055661,1.0559675717148354
BGR,94T98,1.0386304174522487,1.0255064258295565,1.0559675717148354
BRA,01T02,0.39092295722362136,1.0165956975169053,0.9919625436943482
BRA,03,0.9886804227324476,0.9621362567019176,0.9919625436943482
BRA,05T06,0.8305196958501102,0.9894385200599283,0.9919625436943482
BRA,07T08,1.018349496180563,0.9791873991550064,0.9919625436943482
BRA,10T12,0.9285586234418244,1.1606324236735728,0.9919625436943482
BRA,13T15,1.0265971122002069,1.0008652216549438,0.9919625436943482
BRA,16,1.024437839308796,1.031754461341122,0.9919625436943482
BRA,17T18,1.0053101227903463,1.01654062365723,0.9919625436943482
BRA,19,0.8978743429016383,1.051943614329173,0.9919625436943482
BRA,20,0.8540645353493475,1.0554281371716503,0.9919625436943482
BRA,21,1.0093084407456887,0.9764744457192394,0.9919625436943482
BRA,22,1.0089661311258826,1.0170031999245794,0.9919625436943482
BRA,23,0.7861711438277393,1.0057417699500093,0.9919625436943482
BRA,24,0.8860834363253083,1.0191847634069127,0.9919625436943482
BRA,25,1.007534795219643,1.0141184573896775,0.9919625436943482
BRA,26,1.0307894777024056,0.98711953902537,0.9919625436943482
BRA,27,1.0324086534300831,1.0061114958852795,0.9919625436943482
BRA,28,1.037155523521107,0.9944360561386283,0.9919625436943482
BRA,29T30,1.0534547451876481,0.9987289876930475,0.9919625436943482
BRA,31T33,1.010003942128328,0.9890616587042422,0.9919625436943482
BRA,35,0.9053231554986265,0.9891457941294651,0.9919625436943482
BRA,36T39,0.97740538407093,0.9699823986704611,0.9919625436943482
BRA,41T43,0.9889964175803945,0.9972664068659236,0.9919625436943482
BRA,45T47,0.986985690250617,0.968058183895023,0.9919625436943482
BRA,49,0.9311390753090094,0.9886456684268725,0.9919625436943482
BRA,50,0.8737085741173274,0.9895335422738888,0.9919625436943482
BRA,51,0.9177375697875519,0.9973473049789012,0.9919625436943482
BRA,52,1.0024868154681075,0.9680455650791013,0.9919625436943482
BRA,53,0.9881015248450112,0.9662580750640744,0.9919625436943482
BRA,55T56,0.9982429363614698,1.0058197339848252,0.9919625436943482
BRA,58T60,1.043329393683268,0.9828929338662274,0.9919625436943482
BRA,61,0.9984669894819597,0.9640066232031504,0.9919625436943482
BRA,62T63,1.0356627779149563,0.9605759623305091,0.9919625436943482
BRA,64T66,0.9837617559048989,0.9585245168277466,0.9919625436943482
BRA,68,0.9946257048139951,0.9549454627134636,0.9919625436943482
BRA,69T75,1.0113859108549381,0.9623902383298285,0.9919625436943482
BRA,77T82,0.9989941674169524,0.9648433758696151,0.9919625436943482
BRA,84,0.9917343714401424,0.9602687842589166,0.9919625436943482
BRA,85,0.9923102096180307,0.9589641749168566,0.9919625436943482
BRA,86T88,0.9923498829870611,0.9656804793507634,0.9919625436943482
BRA,90T93,1.00942989581477,0.9661844330353534,0.9919625436943482
BRA,94T98,0.9906477574449785,0.9768790385727575,0.9919625436943482
BRN,01T02,0.6835583401767792,0.9964914421853742,0.9699090373883118
BRN,03,1.038240711714266,0.9741600675519105,0.9699090373883118
BRN,05T06,0.8824057692763126,0.9551049806090784,0.9699090373883118
BRN,07T08,1.2277702796808558,0.9360854334692994,0.9699090373883118
BRN,10T12,1.1324126307254414,1.0261547741925474,0.9699090373883118
BRN,13T15,1.051613974925338,1.0169588878530942,0.9699090373883118
BRN,16,1.1485168923351923,0.9972155467743277,0.9699090373883118
BRN,17T18,0.9809636974074808,1.0044310394025395,0.9699090373883118
BRN,19,0.9258319709416934,0.9827330838218841,0.9699090373883118
BRN,20,1.2778538022972037,0.9985579649444964,0.9699090373883118
BRN,21,1.0866701335482032,1.0044444383088613,0.9699090373883118
BRN,22,0.2750455387795852,1.0359434380216646,0.9699090373883118
BRN,23,0.9422098241268002,1.0026286392199493,0.9699090373883118
BRN,24,2.3526716977683217,0.9656978843812818,0.9699090373883118
BRN,25,0.9200163762377604,1.046489871895803,0.9699090373883118
BRN,26,0.9520907053172772,1.0049689379073274,0.9699090373883118
BRN,27,1.0858185042092128,0.9986189669877666,0.9699090373883118
BRN,28,1.0248377048594286,1.0022339529246038,0.9699090373883118
BRN,29T30,1.0309448961520853,0.9925410703879293,0.9699090373883118
BRN,31T33,0.18997910627476183,1.031673961221001,0.9699090373883118
BRN,35,0.4444709269298345,0.984910494561108,0.9699090373883118
BRN,36T39,0.959093182768182,0.9625912357450784,0.9699090373883118
BRN,41T43,0.9584025280688078,1.01418842409682,0.9699090373883118
BRN,45T47,0.9699399612728005,0.9788283559629708,0.9699090373883118
BRN,49,0.9466000226351465,0.978264673347829,0.9699090373883118
BRN,50,0.7756629209139668,0.9769773812129231,0.9699090373883118
BRN,51,0.9189815888231352,0.9605379615363536,0.9699090373883118
BRN,52,1.0648550538813728,0.9759674235035329,0.9699090373883118
BRN,53,1.026987904246241,0.9960929081656209,0.9699090373883118
BRN,55T56,1.0029419884127666,1.0171862742699547,0.9699090373883118
BRN,58T60,1.0768482792018765,0.9607356881263666,0.9699090373883118
BRN,61,0.951881551701466,0.9827072279569096,0.9699090373883118
BRN,62T63,1.023698726171505,0.9798075543176674,0.9699090373883118
BRN,64T66,0.9734979218047445,0.9487510508092167,0.9699090373883118
BRN,68,1.0057718094509234,0.9401550242694227,0.9699090373883118
BRN,69T75,0.97429668881671,0.9747630690104485,0.9699090373883118
BRN,77T82,0.9613252151568784,0.9982557827789481,0.9699090373883118
BRN,84,0.9617740925313256,0.9781669748819071,0.9699090373883118
BRN,85,0.9676471097147651,0.9692863095203866,0.9699090373883118
BRN,86T88,0.9630798333885606,0.9849886090768656,0.9699090373883118
BRN,90T93,0.9454018373163362,1.0530417737783402,0.9699090373883118
BRN,94T98,1.0315089103178734,0.9601351184453354,0.9699090373883118
CAN,01T02,0.6636699609287862,1.0701015236866782,1.0220811679282045
CAN,03,0.9894532759504441,1.0268602003265315,1.0220811679282045
CAN,05T06,0.8183477991198818,1.0213591558490052,1.0220811679282045
CAN,07T08,1.0286828991296397,1.020566683223274,1.0220811679282045
CAN,10T12,0.9880266369348815,1.090086462025695,1.0220811679282045
CAN,13T15,1.084884196371781,1.022383231408904,1.0220811679282045
CAN,16,0.9035398555592655,1.106700867683762,1.0220811679282045
CAN,17T18,0.9826260786025972,1.045562162524963,1.0220811679282045
CAN,19,0.8165477214044151,1.0777694767931036,1.0220811679282045
CAN,20,0.9102595035461036,1.0447967531817945,1.0220811679282045
CAN,21,1.0249850331406134,1.0232088022942833,1.0220811679282045
CAN,22,1.0146753375586826,1.038825665090179,1.0220811679282045
CAN,23,0.9681394584891216,1.0441689314780422,1.0220811679282045
CAN,24,1.1153410344627224,1.0575346723088221,1.0220811679282045
CAN,25,1.0860415930359866,1.034570191952934,1.0220811679282045
CAN,26,1.052663031615332,1.0173349364019055,1.0220811679282045
CAN,27,1.0643632407409793,1.035246737490492,1.0220811679282045
CAN,28,1.0461936719554539,1.026480749652768,1.0220811679282045
CAN,29T30,1.0552407915860964,1.0297851969569134,1.0220811679282045
CAN,31T33,1.0370690231730504,1.0248904468799034,1.0220811679282045
CAN,35,0.9138128811306351,1.0079904085043632,1.0220811679282045
CAN,36T39,0.9999694022045095,1.0108316770432395,1.0220811679282045
CAN,41T43,1.0104251184924067,1.0284982163776035,1.0220811679282045
CAN,45T47,1.0196348724911835,1.0063000126494286,1.0220811679282045
CAN,49,0.9239826076552684,1.021465290147043,1.0220811679282045
CAN,50,0.8138083349629938,1.049542404393359,1.0220811679282045
CAN,51,0.7886761536045563,1.0264358820571613,1.0220811679282045
CAN,52,0.9762777232711423,1.0180787592811915,1.0220811679282045
CAN,53,1.0140356584391632,1.0183402653847737,1.0220811679282045
CAN,55T56,1.0211105402828842,1.0263848399065583,1.0220811679282045
CAN,58T60,1.0333298031037883,1.0116400468217743,1.0220811679282045
CAN,61,1.014045764856196,1.0064026669582407,1.0220811679282045
CAN,62T63,1.019118482933608,1.0049824393157396,1.0220811679282045
CAN,64T66,1.0084905892259195,1.0049601288718084,1.0220811679282045
CAN,68,1.0188374431213592,1.0014868265895351,1.0220811679282045
CAN,69T75,1.0042446297418761,1.0069070502804576,1.0220811679282045
CAN,77T82,1.0030559324024042,1.0087567298116291,1.0220811679282045
CAN,84,1.0177184636515657,1.0084907539201504,1.0220811679282045
CAN,85,1.0205945212493766,1.0041624200476789,1.0220811679282045
CAN,86T88,1.0179857139254735,1.0060766270529398,1.0220811679282045
CAN,90T93,1.021147417185992,1.0126183384993257,1.0220811679282045
CAN,94T98,1.0142445671698739,1.01107458958467,1.0220811679282045
CHE,01T02,1.091351831069526,1.0596985184851144,1.0564635083850702
CHE,03,1.027990294009653,1.0360486613761644,1.0564635083850702
CHE,05T06,0.9685182979224369,1.0512959662586956,1.0564635083850702
CHE,07T08,1.085158583674251,1.0504798774456048,1.0564635083850702
CHE,10T12,1.062351727110706,1.0619116995340432,1.0564635083850702
CHE,13T15,1.0204961155019463,1.0444525243587952,1.0564635083850702
CHE,16,1.0837959281846519,1.0498495544590183,1.0564635083850702
CHE,17T18,1.035439090864985,1.0483917504913356,1.0564635083850702
CHE,19,1.0503028299320598,1.0614227090194965,1.0564635083850702
CHE,20,1.0964907049536041,1.0525682490597164,1.0564635083850702
CHE,21,1.0357780352318937,1.045547694247716,1.0564635083850702
CHE,22,1.0832377425093969,1.0519960607235679,1.0564635083850702
CHE,23,1.048167542527348,1.0583675536462447,1.0564635083850702
CHE,24,1.4275878380690505,1.0631696774665944,1.0564635083850702
CHE,25,1.065339330798014,1.0494454250640712,1.0564635083850702
CHE,26,1.0292705532862365,1.046590755671117,1.0564635083850702
CHE,27,1.043333671785857,1.0517510072912784,1.0564635083850702
CHE,28,1.0345982642946372,1.0476698076955973,1.0564635083850702
CHE,29T30,1.0312621573303384,1.0463537316212128,1.0564635083850702
CHE,31T33,1.0976113264664995,1.0475871246225088,1.0564635083850702
CHE,35,1.10926845290381,1.0508803126373187,1.0564635083850702
CHE,36T39,1.058341148230398,1.0468115215533753,1.0564635083850702
CHE,41T43,1.0539217465768578,1.0494890037862188,1.0564635083850702
CHE,45T47,1.0222906452380232,1.0460974402994596,1.0564635083850702
CHE,49,1.0431878464593585,1.0484815970588697,1.0564635083850702
CHE,50,1.0485519158291234,1.0587224054483062,1.0564635083850702
CHE,51,0.9866984050048081,1.054106449155316,1.0564635083850702
CHE,52,1.0067565603034512,1.0515121047713254,1.0564635083850702
CHE,53,1.0278894789312063,1.0432450194526335,1.0564635083850702
CHE,55T56,1.035080273330183,1.048554241608302,1.0564635083850702
CHE,58T60,0.9948337796534731,1.041939577982756,1.0564635083850702
CHE,61,1.031996015296589,1.0412207418603217,1.0564635083850702
CHE,62T63,1.0028817211927756,1.037118709726229,1.0564635083850702
CHE,64T66,1.014057334181797,1.039923709025445,1.0564635083850702
CHE,68,1.0498852269384118,1.0408293490658425,1.0564635083850702
CHE,69T75,1.0284794021894117,1.0416401560949817,1.0564635083850702
CHE,77T82,1.0348176466015953,1.0422362619568633,1.0564635083850702
CHE,84,1.0500574547803145,1.0427650012558514,1.0564635083850702
CHE,85,1.044158656174219,1.0451202664337866,1.0564635083850702
CHE,86T88,1.0547348000560406,1.0427745846736607,1.0564635083850702
CHE,90T93,1.037124292440212,1.0427463457564259,1.0564635083850702
CHE,94T98,1.0483090911742283,1.0418039960767151,1.0564635083850702
CHL,01T02,1.0525534701195984,1.0756879572843852,1.0791348155868479
CHL,03,1.0369229622004252,1.0706211694931498,1.0791348155868479
CHL,05T06,0.5543003232466795,1.0631692402838733,1.0791348155868479
CHL,07T08,0.9115380542196718,1.0723836162412281,1.0791348155868479
CHL,10T12,1.061826134877303,1.0830552100852915,1.0791348155868479
CHL,13T15,0.9912396922281095,1.065545479952879,1.0791348155868479
CHL,16,1.0015208053731433,1.087234417196084,1.0791348155868479
CHL,17T18,0.9366495480385841,1.0884956872851717,1.0791348155868479
CHL,19,0.9667580731372963,1.1106970574122341,1.0791348155868479
CHL,20,0.9962931138214743,1.0849958928422143,1.0791348155868479
CHL,21,1.0296556996261348,1.064913387381357,1.0791348155868479
CHL,22,0.8933430108350937,1.0800959246252286,1.0791348155868479
CHL,23,0.9689723715908307,1.103087545303119,1.0791348155868479
CHL,24,1.4131036650583646,1.0818073827136938,1.0791348155868479
CHL,25,1.0454644745616661,1.0785607428506243,1.0791348155868479
CHL,26,1.0525707851673007,1.0641182884966716,1.0791348155868479
CHL,27,1.019725308468189,1.0768665100548565,1.0791348155868479
CHL,28,1.0184928109456703,1.0750835681825706,1.0791348155868479
CHL,29T30,1.0090376020788752,1.0661809258405808,1.0791348155868479
CHL,31T33,0.9857490603450345,1.068004473141756,1.0791348155868479
CHL,35,0.8758388987871719,1.1450821287954893,1.0791348155868479
CHL,36T39,1.063099108508688,1.0666864077452929,1.0791348155868479
CHL,41T43,1.070678800309671,1.0717290662979606,1.0791348155868479
CHL,45T47,1.0256003516966483,1.0609245240770242,1.0791348155868479
CHL,49,0.9838526656449242,1.069542270866317,1.0791348155868479
CHL,50,0.7513737281445948,1.0666131638106946,1.0791348155868479
CHL,51,0.7736190841658708,1.0655054412703555,1.0791348155868479
CHL,52,1.0030580720363584,1.059207366819495,1.0791348155868479
CHL,53,1.028101131489194,1.0663996807341174,1.0791348155868479
CHL,55T56,1.053347293881814,1.0674477746947895,1.0791348155868479
CHL,58T60,1.0210340945648233,1.0621427643700778,1.0791348155868479
CHL,61,1.0603695348635123,1.0628253354537351,1.0791348155868479
CHL,62T63,1.0240411956443862,1.0549706503930358,1.0791348155868479
CHL,64T66,1.0449726397212193,1.0548285238986932,1.0791348155868479
CHL,68,1.0610368613406438,1.0553188069284183,1.0791348155868479
CHL,69T75,1.0478569261080017,1.0552187220614442,1.0791348155868479
CHL,77T82,1.0234311372052123,1.0554010323718146,1.0791348155868479
CHL,84,1.0736717930294317,1.0583268081387638,1.0791348155868479
CHL,85,1.0762998933281496,1.0565203049946326,1.0791348155868479
CHL,86T88,1.0753082728291539,1.0589270705040434,1.0791348155868479
CHL,90T93,1.0621532340669246,1.0555173339087118,1.0791348155868479
CHL,94T98,1.0579264929957395,1.0570924398762636,1.0791348155868479
CHN,01T02,0.9669110745184541,1.04622160019732,1.0494631446050116
CHN,03,1.0265379318480445,1.0276270003744727,1.0494631446050116
CHN,05T06,0.7412065205431819,1.070401731488038,1.0494631446050116
CHN,07T08,0.7532134767117612,1.0934452633520304,1.0494631446050116
CHN,10T12,1.0196767768469215,1.0620418026699745,1.0494631446050116
CHN,13T15,0.9958815317177794,1.0517181956316735,1.0494631446050116
CHN,16,0.9904944404057545,1.068690990700922,1.0494631446050116
CHN,17T18,0.9951052789772801,1.058572273015366,1.0494631446050116
CHN,19,0.8483036682351839,1.0600239631072517,1.0494631446050116
CHN,20,0.9060265014342821,1.0839174714354263,1.0494631446050116
CHN,21,0.9999081867642428,1.0462444614800686,1.0494631446050116
CHN,22,0.9556819944635656,1.0783276442953917,1.0494631446050116
CHN,23,0.8706154516040796,1.1007259519116208,1.0494631446050116
CHN,24,0.8119535978133331,1.1217358004716307,1.0494631446050116
CHN,25,0.9734569940669778,1.1022751456064026,1.0494631446050116
CHN,26,1.012790606508401,1.0483214817875854,1.0494631446050116
CHN,27,0.9793481678569584,1.0871317808802805,1.0494631446050116
CHN,28,0.9912698047667242,1.0757138885750508,1.0494631446050116
CHN,29T30,1.0200424287133143,1.0549491283850203,1.0494631446050116
CHN,31T33,0.9780418730283591,1.0537444183017457,1.0494631446050116
CHN,35,0.6177552637570662,1.1457462967220315,1.0494631446050116
CHN,36T39,0.9494817160476764,1.056330927952285,1.0494631446050116
CHN,41T43,1.0455155039808743,1.0958311681151394,1.0494631446050116
CHN,45T47,1.0085005579556188,1.0027190015139695,1.0494631446050116
CHN,49,0.9668791534565192,1.032939713521984,1.0494631446050116
CHN,50,0.7718225616990969,1.0575919811541348,1.0494631446050116
CHN,51,0.9377092455926105,1.0389836408625444,1.0494631446050116
CHN,52,0.9416307065535835,1.0393292327583468,1.0494631446050116
CHN,53,0.9834453609372381,1.022515289254611,1.0494631446050116
CHN,55T56,1.0197727836517259,1.0315058175022076,1.0494631446050116
CHN,58T60,1.0386751481389287,1.0160130004343462,1.0494631446050116
CHN,61,1.0244892999266009,1.0209309667908888,1.0494631446050116
CHN,62T63,1.0405650357255893,0.9965136367551675,1.0494631446050116
CHN,64T66,0.9914242018115415,0.9861246770078775,1.0494631446050116
CHN,68,1.0392851705331836,0.9876232278000782,1.0494631446050116
CHN,69T75,1.0042548180340145,1.0193605909092764,1.0494631446050116
CHN,77T82,0.9988948962871457,1.0173522197054026,1.0494631446050116
CHN,84,1.0468673621623998,0.9982583611877077,1.0494631446050116
CHN,85,1.0485426554528363,0.9960435058993545,1.0494631446050116
CHN,86T88,1.0468036342718752,1.0066735023088338,1.0494631446050116
CHN,90T93,1.0420319527492414,1.0002147380663555,1.0494631446050116
CHN,94T98,1.0365525569133833,1.0041969303005294,1.0494631446050116
COL,01T02,0.6054546828452941,1.0204802310328387,1.0191826425218735
COL,03,1.0131045122470212,1.0461131328243858,1.0191826425218735
COL,05T06,0.8851074968971848,1.0081693172972845,1.0191826425218735
COL,07T08,0.9523367545347831,0.9969918662944821,1.0191826425218735
COL,10T12,0.9591229341152508,1.1303474942494305,1.0191826425218735
COL,13T15,1.0264347148898527,1.0080921422587816,1.0191826425218735
COL,16,0.9798899362012256,1.0704576999319044,1.0191826425218735
COL,17T18,0.9889757602075993,1.0156543627884502,1.0191826425218735
COL,19,0.9117542816794605,1.0418352825940838,1.0191826425218735
COL,20,1.069337601212804,1.021414357672421,1.0191826425218735
COL,21,1.0691739383084586,1.0020803933165456,1.0191826425218735
COL,22,1.090337547886572,1.026229076874569,1.0191826425218735
COL,23,0.9417543828298316,1.0175599002651252,1.0191826425218735
COL,24,1.1132383294284325,1.0403827407063724,1.0191826425218735
COL,25,1.0533612847156077,1.0252032061343421,1.0191826425218735
COL,26,1.045945484480681,1.0170070187005322,1.0191826425218735
COL,27,1.0593162128489728,1.024061959457761,1.0191826425218735
COL,28,1.0441313491262414,1.0213562142478418,1.0191826425218735
COL,29T30,1.0717203750322786,1.0107891385930856,1.0191826425218735
COL,31T33,1.0414079996562415,1.0071627884664034,1.0191826425218735
COL,35,0.9159160034742722,1.0211767534175191,1.0191826425218735
COL,36T39,1.006948596779159,0.9941415111750848,1.0191826425218735
COL,41T43,1.0149737226721975,1.01816322117089,1.0191826425218735
COL,45T47,1.0061691226731069,0.9888593731450099,1.0191826425218735
COL,49,0.9601386843970573,1.0035089322094966,1.0191826425218735
COL,50,0.9418462147333893,1.002712187498444,1.0191826425218735
COL,51,0.9758962484894756,1.0116498746621205,1.0191826425218735
COL,52,1.0052846452471003,0.9854012512601907,1.0191826425218735
COL,53,1.0143686318509706,0.9953397543536147,1.0191826425218735
COL,55T56,1.0193781797182024,1.0289840277306084,1.0191826425218735
COL,58T60,1.053391402769894,0.9896287337423323,1.0191826425218735
COL,61,1.020242023412441,0.9826752037181669,1.0191826425218735
COL,62T63,1.0335162873299084,0.9808409967574279,1.0191826425218735
COL,64T66,1.0213436714215796,0.9822896089032319,1.0191826425218735
COL,68,1.0187482532696719,0.9758752300645435,1.0191826425218735
COL,69T75,1.0190692829310803,0.981580536521529,1.0191826425218735
COL,77T82,1.01129327804503,0.9798971492260655,1.0191826425218735
COL,84,1.0166933974926853,0.9879435116487044,1.0191826425218735
COL,85,1.019879270756253,0.9820358545242028,1.0191826425218735
COL,86T88,1.0178580928763528,0.9879584857803524,1.0191826425218735
COL,90T93,1.0236928166922714,0.9847003426635088,1.0191826425218735
COL,94T98,1.0193430598891717,0.9849004137878447,1.0191826425218735
CRI,01T02,1.0439147802866828,1.0536509005203027,1.051855891150092
CRI,03,1.0008823324881801,1.0538536463434567,1.051855891150092
CRI,05T06,1.0514242408500014,1.0478445890620594,1.051855891150092
CRI,07T08,0.9964188318607395,1.0466239616521522,1.051855891150092
CRI,10T12,1.0393237503222879,1.0713345780561396,1.051855891150092
CRI,13T15,0.9583336629814517,1.0415028195271336,1.051855891150092
CRI,16,1.0011068459441244,1.0614020641970405,1.051855891150092
CRI,17T18,1.0018154828015333,1.0464614843777247,1.051855891150092
CRI,19,1.0272422945649595,1.054153852862771,1.051855891150092
CRI,20,1.131209697941862,1.0541814741785742,1.051855891150092
CRI,21,0.9803676472682921,1.045613918183232,1.051855891150092
CRI,22,1.134188644916565,1.0608044305079267,1.051855891150092
CRI,23,0.9511850602143478,1.0574400371481065,1.051855891150092
CRI,24,1.2356973085911318,1.0752800835818672,1.051855891150092
CRI,25,1.0228743210415137,1.0565668215276287,1.051855891150092
CRI,26,1.030223423660127,1.0418409478147272,1.051855891150092
CRI,27,1.039996255359144,1.053756135509421,1.051855891150092
CRI,28,1.0238705268240402,1.0535776200004892,1.051855891150092
CRI,29T30,1.0364843123965104,1.0497615870889712,1.051855891150092
CRI,31T33,1.0571752204035452,1.0461446436546118,1.051855891150092
CRI,35,1.0585862305946867,1.038185895662409,1.051855891150092
CRI,36T39,1.0465673745773447,1.0395670563648842,1.051855891150092
CRI,41T43,1.0446341722429797,1.0596371805695248,1.051855891150092
CRI,45T47,1.0157521348690344,1.0398551994716003,1.051855891150092
CRI,49,0.9993210785083134,1.0424395010718683,1.051855891150092
CRI,50,0.8318516671955842,1.0537805447621933,1.051855891150092
CRI,51,1.1478366519239158,1.0485162858083572,1.051855891150092
CRI,52,1.0001769746160658,1.0456087184776057,1.051855891150092
CRI,53,1.0445396439618087,1.0394698934059443,1.051855891150092
CRI,55T56,1.0274682292431672,1.0490000389053735,1.051855891150092
CRI,58T60,1.011861515876408,1.0441575934799303,1.051855891150092
CRI,61,1.029199856266956,1.038592668314851,1.051855891150092
CRI,62T63,1.0158061102130236,1.0365089243661312,1.051855891150092
CRI,64T66,1.0331561581422228,1.0365307560602284,1.051855891150092
CRI,68,1.0465024549338011,1.0385577446226184,1.051855891150092
CRI,69T75,1.0215522367967949,1.03807477710134,1.051855891150092
CRI,77T82,1.025980750305593,1.0378044711838514,1.051855891150092
CRI,84,1.0494615935200216,1.0375563623829542,1.051855891150092
CRI,85,1.0490944498360464,1.0384328705338848,1.051855891150092
CRI,86T88,1.0494018277495325,1.0391155213272836,1.051855891150092
CRI,90T93,1.021509308263199,1.0399381367988416,1.051855891150092
CRI,94T98,1.0434846198939576,1.0399800618999206,1.051855891150092
CYP,01T02,1.089636522028702,1.0419640541089363,1.0371849904869461
CYP,03,1.0212343522692213,1.0300341773161583,1.0371849904869461
CYP,05T06,0.863277408743026,1.058513764545789,1.0371849904869461
CYP,07T08,0.8914237351266144,1.0753312802046084,1.0371849904869461
CYP,10T12,1.0474366481779467,1.05744770162895,1.0371849904869461
CYP,13T15,1.065393205450492,1.0324005907432354,1.0371849904869461
CYP,16,1.0668161910255771,1.0381779146706767,1.0371849904869461
CYP,17T18,1.0318859205714026,1.0374976619165759,1.0371849904869461
CYP,19,0.31641344676744265,1.0274958837485073,1.0371849904869461
CYP,20,1.1515454702536716,1.0428147315315976,1.0371849904869461
CYP,21,1.0487068690355936,1.038016611291864,1.0371849904869461
CYP,22,1.0423755068394458,1.0571203140231527,1.0371849904869461
CYP,23,0.6107354513355926,1.1205532321974436,1.0371849904869461
CYP,24,1.2537592371445752,1.0624227627092342,1.0371849904869461
CYP,25,1.0273287990881834,1.057244985495264,1.0371849904869461
CYP,26,1.0019945570171518,1.0653848612420442,1.0371849904869461
CYP,27,1.065483659687416,1.0392637706971244,1.0371849904869461
CYP,28,1.0459926647726396,1.0390057335951033,1.0371849904869461
CYP,29T30,1.0485402772723655,1.038768028994439,1.0371849904869461
CYP,31T33,1.0365712248310588,1.0371954158466605,1.0371849904869461
CYP,35,0.7294398500666599,1.042018955347673,1.0371849904869461
CYP,36T39,1.0219560811909558,1.0557272225738759,1.0371849904869461
CYP,41T43,1.0209099502898538,1.0524083330423342,1.0371849904869461
CYP,45T47,1.0135284060836498,1.0303999162672735,1.0371849904869461
CYP,49,0.9900995519846565,1.0322043467584812,1.0371849904869461
CYP,50,1.203383257129917,1.0239916441516588,1.0371849904869461
CYP,51,0.8897509692730347,1.03538530715003,1.0371849904869461
CYP,52,1.0006580673014451,1.0284110282739292,1.0371849904869461
CYP,53,1.003191420991858,1.0294651546601494,1.0371849904869461
CYP,55T56,1.0133521500470355,1.0393807366259566,1.0371849904869461
CYP,58T60,1.0054968965310918,1.0238201496298474,1.0371849904869461
CYP,61,1.0055063371646047,1.0279460353524397,1.0371849904869461
CYP,62T63,0.9699107072635352,1.0175130535460215,1.0371849904869461
CYP,64T66,0.9850238041859191,1.0180276637923147,1.0371849904869461
CYP,68,1.0255362003537727,1.0205352820323708,1.0371849904869461
CYP,69T75,1.011190348106393,1.0209206374412088,1.0371849904869461
CYP,77T82,1.006510220787336,1.0230706171936745,1.0371849904869461
CYP,84,1.0338640337537064,1.025316881082628,1.0371849904869461
CYP,85,1.0330450565251583,1.020839645644626,1.0371849904869461
CYP,86T88,1.0322891066033602,1.028876163044946,1.0371849904869461
CYP,90T93,1.0269949491392152,1.0282401554712832,1.0371849904869461
CYP,94T98,1.0279972659368342,1.0249508224252137,1.0371849904869461
CZE,01T02,1.0104482390817822,1.0517348514200417,1.0584965161573265
CZE,03,0.9867448388202565,1.073771337743172,1.0584965161573265
CZE,05T06,0.724133824994378,1.0473463450350715,1.0584965161573265
CZE,07T08,0.934267070818775,1.0558138686028355,1.0584965161573265
CZE,10T12,1.0354483826889984,1.0684409027423336,1.0584965161573265
CZE,13T15,0.9754760219305354,1.0515490303476598,1.0584965161573265
CZE,16,1.0081381092495365,1.0665643780415182,1.0584965161573265
CZE,17T18,1.0004068586018975,1.0559618610038353,1.0584965161573265
CZE,19,0.8677780808864037,1.0922065205494444,1.0584965161573265
CZE,20,0.9574296226565628,1.0559371862274134,1.0584965161573265
CZE,21,0.9881438463694894,1.0406081242199823,1.0584965161573265
CZE,22,1.067829226112657,1.0526334210364614,1.0584965161573265
CZE,23,0.9089290432943924,1.0754511470344843,1.0584965161573265
CZE,24,0.9298581864356624,1.0788632382995338,1.0584965161573265
CZE,25,1.030585361927923,1.053994604209069,1.0584965161573265
CZE,26,1.0241204710259004,1.0516870431866734,1.0584965161573265
CZE,27,1.0307446450611537,1.0545568582126292,1.0584965161573265
CZE,28,1.0161637155194014,1.0559435954698075,1.0584965161573265
CZE,29T30,1.0327791397681827,1.046833118654556,1.0584965161573265
CZE,31T33,1.0474789276380707,1.043675595764387,1.0584965161573265
CZE,35,0.7405360898301958,1.092897167842152,1.0584965161573265
CZE,36T39,1.0023475409999658,1.0448424916161794,1.0584965161573265
CZE,41T43,1.0411933226877463,1.0438781171403335,1.0584965161573265
CZE,45T47,1.0135107731819808,1.033341484109803,1.0584965161573265
CZE,49,0.9705466040040062,1.0397620708819317,1.0584965161573265
CZE,50,0.8864792472836974,1.0504534343984058,1.0584965161573265
CZE,51,1.050865416208417,1.054883023115538,1.0584965161573265
CZE,52,0.9956253808281432,1.0426514663882205,1.0584965161573265
CZE,53,1.0233351122599432,1.031126096151922,1.0584965161573265
CZE,55T56,1.04018617998479,1.0404057933511384,1.0584965161573265
CZE,58T60,1.0321018243015558,1.0298523210364308,1.0584965161573265
CZE,61,1.032567719057409,1.028215851832108,1.0584965161573265
CZE,62T63,1.0303230663189653,1.0224720939446894,1.0584965161573265
CZE,64T66,1.023736684516805,1.0248063678360477,1.0584965161573265
CZE,68,1.0437131167099818,1.0379287332006417,1.0584965161573265
CZE,69T75,1.02080552426637,1.0317080056683339,1.0584965161573265
CZE,77T82,1.0193942130309555,1.038465954832101,1.0584965161573265
CZE,84,1.0515656946666936,1.0300376809625362,1.0584965161573265
CZE,85,1.0536418729170112,1.0279641207085863,1.0584965161573265
CZE,86T88,1.0554998062670469,1.0328973407010138,1.0584965161573265
CZE,90T93,1.04768630432582,1.0351530674369385,1.0584965161573265
CZE,94T98,1.0455935958056306,1.0312751201988866,1.0584965161573265
DEU,01T02,0.9520627632245967,1.0552505012322506,1.0562145640662044
DEU,03,1.0200593354563183,1.0433350498503546,1.0562145640662044
DEU,05T06,0.8264113165306227,1.0546132887594877,1.0562145640662044
DEU,07T08,0.9877171023278427,1.0423552732819992,1.0562145640662044
DEU,10T12,1.0462735536324042,1.069044550881403,1.0562145640662044
DEU,13T15,1.0063977424338115,1.0481544142822674,1.0562145640662044
DEU,16,1.034930696373295,1.0676169782264862,1.0562145640662044
DEU,17T18,1.0142643043172181,1.0524267846545217,1.0562145640662044
DEU,19,0.9704723815493125,1.0634105293541283,1.0562145640662044
DEU,20,1.0381677502688862,1.0548040951311706,1.0562145640662044
DEU,21,1.0202036993859276,1.0437714843021648,1.0562145640662044
DEU,22,1.070435089025292,1.0529878267495352,1.0562145640662044
DEU,23,1.0264356429373234,1.057826760649379,1.0562145640662044
DEU,24,0.9862725672604469,1.0783112584485217,1.0562145640662044
DEU,25,1.0536404450402082,1.053195141229129,1.0562145640662044
DEU,26,1.0345710185923676,1.0437205685561148,1.0562145640662044
DEU,27,1.0521588865371099,1.0474543247634314,1.0562145640662044
DEU,28,1.037261297770382,1.0471068035472595,1.0562145640662044
DEU,29T30,1.0380084742555125,1.0464921434964367,1.0562145640662044
DEU,31T33,1.0605509657462524,1.0469071112812105,1.0562145640662044
DEU,35,0.8981590718951319,1.069753657678906,1.0562145640662044
DEU,36T39,1.0372199490710186,1.042983923437427,1.0562145640662044
DEU,41T43,1.045783212240708,1.048449287517011,1.0562145640662044
DEU,45T47,1.0226248045391289,1.0415069330697693,1.0562145640662044
DEU,49,1.029975338365483,1.0452388786966338,1.0562145640662044
DEU,50,1.0763783557141484,1.0618818707734505,1.0562145640662044
DEU,51,0.9051805613873056,1.0514858738949298,1.0562145640662044
DEU,52,1.0161386771636112,1.044226125068827,1.0562145640662044
DEU,53,1.0244323303195317,1.0436888059556069,1.0562145640662044
DEU,55T56,1.0384022544925036,1.047270347553512,1.0562145640662044
DEU,58T60,1.0240487188220353,1.0392421696651644,1.0562145640662044
DEU,61,1.0351144623690638,1.0402884020719485,1.0562145640662044
DEU,62T63,1.0177378409786604,1.0349845068689132,1.0562145640662044
DEU,64T66,1.0314649879889297,1.0370665487844,1.0562145640662044
DEU,68,1.0459116926077536,1.0371672920445654,1.0562145640662044
DEU,69T75,1.0267227216561907,1.0378469756707354,1.0562145640662044
DEU,77T82,1.031117267638114,1.0407270287065817,1.0562145640662044
DEU,84,1.0472038549422227,1.0393421229367488,1.0562145640662044
DEU,85,1.0526539223368876,1.0364590082491465,1.0562145640662044
DEU,86T88,1.0546479272436093,1.0396973878679057,1.0562145640662044
DEU,90T93,1.0468213627598926,1.0390031057077855,1.0562145640662044
DEU,94T98,1.0502625994935733,1.038821705251445,1.0562145640662044
DNK,01T02,0.9470296028865401,1.0617501545808965,1.0493453261590309
DNK,03,0.9502360743662281,1.0430417137798416,1.0493453261590309
DNK,05T06,0.93357495735198,1.0413193978426052,1.0493453261590309
DNK,07T08,0.9792711785454128,1.0549460739653824,1.0493453261590309
DNK,10T12,1.038439973815078,1.0656395778714856,1.0493453261590309
DNK,13T15,1.0248951853770005,1.0439928405673151,1.0493453261590309
DNK,16,1.0895073303892067,1.0560353244812943,1.0493453261590309
DNK,17T18,1.0612708681115564,1.0440603622202176,1.0493453261590309
DNK,19,0.9804117021676048,1.0646405022779748,1.0493453261590309
DNK,20,1.1202528484867524,1.0460332542878237,1.0493453261590309
DNK,21,1.0576438163888353,1.037092198769116,1.0493453261590309
DNK,22,1.0909534112277635,1.0476041804440397,1.0493453261590309
DNK,23,0.9937362472469609,1.0543250901953554,1.0493453261590309
DNK,24,1.2995437464886155,1.0629496865997932,1.0493453261590309
DNK,25,1.0551092386221879,1.0500117020870694,1.0493453261590309
DNK,26,1.0362204117299172,1.0410005638272801,1.0493453261590309
DNK,27,1.0591587523611048,1.043715135286209,1.0493453261590309
DNK,28,1.037383493126494,1.0454930808293192,1.0493453261590309
DNK,29T30,1.033636625890609,1.0463916853939295,1.0493453261590309
DNK,31T33,1.0761609888898132,1.0433368371446652,1.0493453261590309
DNK,35,0.9315277497743036,1.0482632887416183,1.0493453261590309
DNK,36T39,1.040904294770343,1.0388388910989312,1.0493453261590309
DNK,41T43,1.041064826241097,1.0460681217246024,1.0493453261590309
DNK,45T47,1.0247757333661767,1.0372125001410355,1.0493453261590309
DNK,49,0.9990910830584065,1.0527224693265318,1.0493453261590309
DNK,50,0.9663287121345177,1.0450140018798415,1.0493453261590309
DNK,51,1.0004181144480175,1.0431991674135643,1.0493453261590309
DNK,52,0.994131702713873,1.0397586761411115,1.0493453261590309
DNK,53,1.0224562941027562,1.0396564191550535,1.0493453261590309
DNK,55T56,1.036831912313332,1.0449918960152684,1.0493453261590309
DNK,58T60,1.0241469896947657,1.0357122554120006,1.0493453261590309
DNK,61,1.0263904222187885,1.0372285217509938,1.0493453261590309
DNK,62T63,1.0179604563880513,1.0352373859790802,1.0493453261590309
DNK,64T66,1.0286368346395125,1.0339214260974958,1.0493453261590309
DNK,68,1.042977191156936,1.0355074603447298,1.0493453261590309
DNK,69T75,1.02554889610446,1.035966968538937,1.0493453261590309
DNK,77T82,1.025622658378549,1.0424404832857412,1.0493453261590309
DNK,84,1.0466034217919347,1.0363137153726227,1.0493453261590309
DNK,85,1.0476527476368396,1.0356405816628957,1.0493453261590309
DNK,86T88,1.0486982262499847,1.0367194563602078,1.0493453261590309
DNK,90T93,1.0443490207836927,1.0373575685069738,1.0493453261590309
DNK,94T98,1.0415622797123112,1.0362602090069954,1.0493453261590309
ESP,01T02,1.0752978113751361,1.0496614436919782,1.0534468314629324
ESP,03,0.993652797577844,1.0456213516237436,1.0534468314629324
ESP,05T06,0.49235543042052843,1.0399386166402806,1.0534468314629324
ESP,07T08,0.9549461030527481,1.0549421075950882,1.0534468314629324
ESP,10T12,1.0457390004129261,1.0720181368558275,1.0534468314629324
ESP,13T15,1.0199874843932348,1.0446074982082723,1.0534468314629324
ESP,16,1.0367630510615145,1.0550623176894836,1.0534468314629324
ESP,17T18,1.0190330237543628,1.0533556607807326,1.0534468314629324
ESP,19,0.9671515220985802,1.0741442874634977,1.0534468314629324
ESP,20,1.0155496685812213,1.0620145072530918,1.0534468314629324
ESP,21,0.9980057741410179,1.0488632912020137,1.0534468314629324
ESP,22,1.0641745795590891,1.05523310429909,1.0534468314629324
ESP,23,0.9525859526467556,1.0662703798734798,1.0534468314629324
ESP,24,1.1184706341070754,1.0670313173492585,1.0534468314629324
ESP,25,1.0296844377571175,1.0608919776168173,1.0534468314629324
ESP,26,1.032091511755264,1.0449581706135702,1.0534468314629324
ESP,27,1.0297230800482462,1.056461213471757,1.0534468314629324
ESP,28,1.0233575490820053,1.052503181586731,1.0534468314629324
ESP,29T30,1.026372629412814,1.051560742276388,1.0534468314629324
ESP,31T33,1.0561074813631224,1.0454594948088651,1.0534468314629324
ESP,35,0.9439243814757876,1.061918229844442,1.0534468314629324
ESP,36T39,1.0461766690850103,1.0460113836638352,1.0534468314629324
ESP,41T43,1.0447786897614035,1.0487070913895955,1.0534468314629324
ESP,45T47,1.0277777328349567,1.0405142698926817,1.0534468314629324
ESP,49,0.9893243516390174,1.048156757428418,1.0534468314629324
ESP,50,0.5257857657620586,1.0453850565339804,1.0534468314629324
ESP,51,0.8957213325409754,1.0516334722158374,1.0534468314629324
ESP,52,1.0102750577654107,1.046406822092687,1.0534468314629324
ESP,53,1.0206590072632915,1.0425276269346144,1.0534468314629324
ESP,55T56,1.0418603938013409,1.0454454956206147,1.0534468314629324
ESP,58T60,1.0185320257462622,1.039486760314714,1.0534468314629324
ESP,61,1.0278040365085042,1.0433574486629829,1.0534468314629324
ESP,62T63,1.0098018326323608,1.039197207038508,1.0534468314629324
ESP,64T66,1.031365963075503,1.0359629895355376,1.0534468314629324
ESP,68,1.0458780921883153,1.0349605041526333,1.0534468314629324
ESP,69T75,1.0252177703208905,1.0392242388395458,1.0534468314629324
ESP,77T82,1.0211393525956984,1.0408479872773981,1.0534468314629324
ESP,84,1.0458052354351237,1.0386442430220424,1.0534468314629324
ESP,85,1.0482338295530047,1.0362095830855742,1.0534468314629324
ESP,86T88,1.0506259672069365,1.039125982744165,1.0534468314629324
ESP,90T93,1.043782978787244,1.0390031620101756,1.0534468314629324
ESP,94T98,1.0459422503344582,1.0368341676762884,1.0534468314629324
EST,01T02,0.7215718777775257,1.0696550956112705,1.0339888285210757
EST,03,1.0303195258526816,1.019240969716539,1.0339888285210757
EST,05T06,0.43070329573574667,1.0346453826954936,1.0339888285210757
EST,07T08,0.6319875734996724,1.0398209994914902,1.0339888285210757
EST,10T12,1.006287221626059,1.0782563377503525,1.0339888285210757
EST,13T15,1.063750884914081,1.031303004755924,1.0339888285210757
EST,16,0.8447560225648759,1.0963198929782052,1.0339888285210757
EST,17T18,0.9535215029617569,1.072258028549436,1.0339888285210757
EST,19,0.15676088625156212,1.105263080918607,1.0339888285210757
EST,20,1.0523416426620567,1.0621373551072733,1.0339888285210757
EST,21,1.0831241845017563,1.0222969001995903,1.0339888285210757
EST,22,1.0707545105164624,1.045397939685616,1.0339888285210757
EST,23,0.9586163898816366,1.0583277694843019,1.0339888285210757
EST,24,1.2151380661496327,1.086673598904625,1.0339888285210757
EST,25,1.0349073237660702,1.0482733412134082,1.0339888285210757
EST,26,1.0301513019173734,1.0329459246723522,1.0339888285210757
EST,27,1.072224740272441,1.03482451955388,1.0339888285210757
EST,28,1.0353989493152902,1.037805964500429,1.0339888285210757
EST,29T30,1.0592376085092816,1.0302736887843578,1.0339888285210757
EST,31T33,1.0423163598402945,1.0388840833889386,1.0339888285210757
EST,35,0.5933888212448487,1.0893810468024718,1.0339888285210757
EST,36T39,1.037179973019022,1.0444377448659272,1.0339888285210757
EST,41T43,1.021295194332944,1.0365639372043909,1.0339888285210757
EST,45T47,1.0130535488185222,1.0121732996820334,1.0339888285210757
EST,49,0.9832284547564473,1.014915878973756,1.0339888285210757
EST,50,0.9460634881081823,1.022485569066388,1.0339888285210757
EST,51,1.195165622536196,1.0404609898206216,1.0339888285210757
EST,52,0.9868619609227047,1.0297211747368349,1.0339888285210757
EST,53,1.0444043268819607,1.0134549754888664,1.0339888285210757
EST,55T56,1.0368723733853058,1.0317613700266075,1.0339888285210757
EST,58T60,1.0453872577933059,1.0119734209470115,1.0339888285210757
EST,61,1.0428956628851105,1.004989386439679,1.0339888285210757
EST,62T63,1.0471902686428647,0.999569372208396,1.0339888285210757
EST,64T66,1.0279567140967625,0.9978592673389758,1.0339888285210757
EST,68,1.024359637915845,1.0072522467748424,1.0339888285210757
EST,69T75,1.0276234941294422,1.0069292887787076,1.0339888285210757
EST,77T82,1.0152043310518286,1.0083361288948092,1.0339888285210757
EST,84,1.0313988719100393,1.005228222874994,1.0339888285210757
EST,85,1.0325327471511268,1.0090582618189399,1.0339888285210757
EST,86T88,1.0331808907546853,1.0082244603082382,1.0339888285210757
EST,90T93,1.0301028732957627,1.0189406103166314,1.0339888285210757
EST,94T98,1.0238582728570753,1.0238228876960855,1.0339888285210757
FIN,01T02,0.9254404131961846,1.0496932036217648,1.0444364786045457
FIN,03,0.9647212197902364,1.0370860514429334,1.0444364786045457
FIN,05T06,0.36571643802423587,1.053857237332579,1.0444364786045457
FIN,07T08,1.0102518141460286,1.0527144829788928,1.0444364786045457
FIN,10T12,1.0385565172053806,1.0659001130143988,1.0444364786045457
FIN,13T15,1.0365774621631993,1.0384611637598191,1.0444364786045457
FIN,16,0.9894609320150008,1.0867121951306105,1.0444364786045457
FIN,17T18,0.951246893753414,1.0672402613772012,1.0444364786045457
FIN,19,0.9885974555776953,1.0474808357363123,1.0444364786045457
FIN,20,0.9982823700450981,1.0573414028315893,1.0444364786045457
FIN,21,1.047018536424464,1.0287302713010764,1.0444364786045457
FIN,22,1.0626555721385198,1.0511805015061704,1.0444364786045457
FIN,23,1.040844664898452,1.0519893360052248,1.0444364786045457
FIN,24,1.1173895863076129,1.068323513792059,1.0444364786045457
FIN,25,1.052678759149978,1.0510401140663055,1.0444364786045457
FIN,26,1.0367196073151972,1.0315963984341623,1.0444364786045457
FIN,27,1.0535538461744618,1.042703767374133,1.0444364786045457
FIN,28,1.0378285452488454,1.038477523615194,1.0444364786045457
FIN,29T30,1.0380516681476901,1.043053617797488,1.0444364786045457
FIN,31T33,1.0445768991067814,1.0365450919587236,1.0444364786045457
FIN,35,0.9093591633971675,1.0651201717311467,1.0444364786045457
FIN,36T39,1.0463179500966093,1.0366325291063954,1.0444364786045457
FIN,41T43,1.035624719226959,1.0433901980212072,1.0444364786045457
FIN,45T47,1.0181263354237833,1.0321632041829607,1.0444364786045457
FIN,49,1.0114038446059637,1.035289894543214,1.0444364786045457
FIN,50,0.9284836593899294,1.0386535319500025,1.0444364786045457
FIN,51,0.9407468802397353,1.0397785322080177,1.0444364786045457
FIN,52,1.0074661375729614,1.0393455675022913,1.0444364786045457
FIN,53,1.0203546763229765,1.0340603108885495,1.0444364786045457
FIN,55T56,1.0293216025631986,1.0402193954517143,1.0444364786045457
FIN,58T60,1.013958888144247,1.0319898960832938,1.0444364786045457
FIN,61,1.0282790208785195,1.029247486192761,1.0444364786045457
FIN,62T63,1.0064866697847328,1.0281404513733732,1.0444364786045457
FIN,64T66,1.0225160263916968,1.028932580566432,1.0444364786045457
FIN,68,1.037803359264784,1.0294959054722734,1.0444364786045457
FIN,69T75,1.0179545176849167,1.0298440972687741,1.0444364786045457
FIN,77T82,1.0213198013619909,1.03211847261692,1.0444364786045457
FIN,84,1.037749224849898,1.0325267121526787,1.0444364786045457
FIN,85,1.0423312512780993,1.0290109848943123,1.0444364786045457
FIN,86T88,1.0432394183148554,1.0302089564992296,1.0444364786045457
FIN,90T93,1.0373138130011281,1.037309783503346,1.0444364786045457
FIN,94T98,1.037320263318776,1.037827590705423,1.0444364786045457
FRA,01T02,0.9915460804154557,1.0575708379791582,1.0444493504270644
FRA,03,0.9830152199129807,1.045931548700161,1.0444493504270644
FRA,05T06,0.2394076855474266,1.0352296947460904,1.0444493504270644
FRA,07T08,0.9820317234097293,1.0490998872190345,1.0444493504270644
FRA,10T12,1.0443981865358174,1.062442567181405,1.0444493504270644
FRA,13T15,1.024685015101344,1.0416904598405086,1.0444493504270644
FRA,16,1.0383738881453437,1.0603392810647778,1.0444493504270644
FRA,17T18,1.0344290001765999,1.0439647245726158,1.0444493504270644
FRA,19,1.0273855744669462,1.0569890655512906,1.0444493504270644
FRA,20,1.0495147212336886,1.048817443692975,1.0444493504270644
FRA,21,1.0220714587289688,1.0410197200166253,1.0444493504270644
FRA,22,1.0802357663125468,1.0480281011086363,1.0444493504270644
FRA,23,1.0165193200790414,1.052933267312689,1.0444493504270644
FRA,24,0.9213784019540507,1.0599785637594579,1.0444493504270644
FRA,25,1.048531408244733,1.0511744548225337,1.0444493504270644
FRA,26,1.0319240388544302,1.041631407760374,1.0444493504270644
FRA,27,1.047867753685034,1.0479393562615424,1.0444493504270644
FRA,28,1.03237010222232,1.0466109436557514,1.0444493504270644
FRA,29T30,1.0362883301147314,1.0447891626613257,1.0444493504270644
FRA,31T33,1.0642508356150335,1.0441893111548883,1.0444493504270644
FRA,35,1.01797758718233,1.0532748081497725,1.0444493504270644
FRA,36T39,1.0289104710869652,1.0413348928091175,1.0444493504270644
FRA,41T43,1.041483243257847,1.0457766833206896,1.0444493504270644
FRA,45T47,1.025034759001246,1.0372480785532723,1.0444493504270644
FRA,49,1.03040451234704,1.0391504442867683,1.0444493504270644
FRA,50,1.0170623603616202,1.0503198228463901,1.0444493504270644
FRA,51,0.9586412195642023,1.0462778753642439,1.0444493504270644
FRA,52,1.0240691402189477,1.0370957648138104,1.0444493504270644
FRA,53,1.0285519872961637,1.0352673916799782,1.0444493504270644
FRA,55T56,1.0367244947441203,1.0429954049366696,1.0444493504270644
FRA,58T60,1.0213164000484238,1.0392100805719184,1.0444493504270644
FRA,61,1.0254834496560643,1.0369028964998186,1.0444493504270644
FRA,62T63,1.0276805811201748,1.0348348901373796,1.0444493504270644
FRA,64T66,1.0257464042961983,1.0350104968005895,1.0444493504270644
FRA,68,1.0393091965550019,1.0339742515410542,1.0444493504270644
FRA,69T75,1.0275594896853082,1.0360902080367742,1.0444493504270644
FRA,77T82,1.0252960708217633,1.0359179153883296,1.0444493504270644
FRA,84,1.0416160139219375,1.0357416201735412,1.0444493504270644
FRA,85,1.0406696004622764,1.0353430740057177,1.0444493504270644
FRA,86T88,1.0430379751306291,1.0355766906786952,1.0444493504270644
FRA,90T93,1.0386588611392307,1.038245487385613,1.0444493504270644
FRA,94T98,1.0388294043633584,1.036512833021087,1.0444493504270644
GBR,01T02,0.9508140243298295,1.05795407983455,1.037928167681919
GBR,03,0.9954021492828846,1.0434858534127234,1.037928167681919
GBR,05T06,0.9042618471033801,1.0379019199056578,1.037928167681919
GBR,07T08,1.0238299114917406,1.0486298092312132,1.037928167681919
GBR,10T12,1.0486087998507139,1.059288459823393,1.037928167681919
GBR,13T15,1.0366508011481048,1.033757805211288,1.037928167681919
GBR,16,1.0628573586198284,1.054562550035363,1.037928167681919
GBR,17T18,1.0390925862086964,1.0417453725972587,1.037928167681919
GBR,19,0.9526189490512667,1.0618487410885595,1.037928167681919
GBR,20,1.0308021599498962,1.0476414118506991,1.037928167681919
GBR,21,1.0438328215687167,1.035216539347072,1.037928167681919
GBR,22,1.053824010399707,1.0466921895912455,1.037928167681919
GBR,23,1.0294861281599486,1.0454939684098443,1.037928167681919
GBR,24,0.9972790029707538,1.0586458250595852,1.037928167681919
GBR,25,1.0545621763609254,1.0429439921642232,1.037928167681919
GBR,26,1.0324065846672346,1.0344373451114295,1.037928167681919
GBR,27,1.0538963600410305,1.0418482864740706,1.037928167681919
GBR,28,1.031637095293211,1.0407240025882853,1.037928167681919
GBR,29T30,1.0365471525118406,1.0428366310703332,1.037928167681919
GBR,31T33,1.0451215386760393,1.037753273190646,1.037928167681919
GBR,35,0.9675093305924086,1.0748226832398078,1.037928167681919
GBR,36T39,1.0307015841212481,1.0326068495907457,1.037928167681919
GBR,41T43,1.0334270401469658,1.0369267069326367,1.037928167681919
GBR,45T47,1.0253851454901344,1.0323233544047905,1.037928167681919
GBR,49,1.0163137235037054,1.0349249016033013,1.037928167681919
GBR,50,1.0576416680105976,1.0376121285508186,1.037928167681919
GBR,51,0.8692732124663325,1.0520177572943228,1.037928167681919
GBR,52,1.0203670495864297,1.036823141511892,1.037928167681919
GBR,53,1.0220572867570017,1.0311767895260657,1.037928167681919
GBR,55T56,1.0348211160397816,1.0358113894632763,1.037928167681919
GBR,58T60,1.0274334048903981,1.030708053342157,1.037928167681919
GBR,61,1.023899907644992,1.029067804406321,1.037928167681919
GBR,62T63,1.0217046514359702,1.0290256134010134,1.037928167681919
GBR,64T66,1.0138540140076762,1.0301996663592503,1.037928167681919
GBR,68,1.0350078603718174,1.0279279744133367,1.037928167681919
GBR,69T75,1.019691398379083,1.030266383321265,1.037928167681919
GBR,77T82,1.0207162452965144,1.0329223485016068,1.037928167681919
GBR,84,1.0353401842620684,1.0310066149464656,1.037928167681919
GBR,85,1.033706825155317,1.0295131736497525,1.037928167681919
GBR,86T88,1.0365889750218393,1.0311357260951546,1.037928167681919
GBR,90T93,1.0320104982985367,1.031518831005555,1.037928167681919
GBR,94T98,1.0354482482937422,1.0291441347208163,1.037928167681919
GRC,01T02,1.089931494440946,1.0469924506174089,1.05272821025985
GRC,03,1.0419866240338458,1.026674020775507,1.05272821025985
GRC,05T06,0.31889994331299903,1.0398653130200959,1.05272821025985
GRC,07T08,0.9485869239921428,1.0466958802988984,1.05272821025985
GRC,10T12,1.054324151731182,1.0613563396029146,1.05272821025985
GRC,13T15,0.9968158652782086,1.0466363838683024,1.05272821025985
GRC,16,1.0666674386482755,1.0511360083965047,1.05272821025985
GRC,17T18,1.0437269032336878,1.0416400257804614,1.05272821025985
GRC,19,0.9187302429674482,1.0653012451281418,1.05272821025985
GRC,20,1.0445729906448182,1.0462237894418058,1.05272821025985
GRC,21,1.0538090831350735,1.0385610599268458,1.05272821025985
GRC,22,1.0555324568527218,1.0526113746462784,1.05272821025985
GRC,23,0.6708114226511873,1.0900774302617464,1.05272821025985
GRC,24,0.9602126625605145,1.1078184242947084,1.05272821025985
GRC,25,1.0161991337918728,1.0603579061047197,1.05272821025985
GRC,26,1.038058779967608,1.0406383177772367,1.05272821025985
GRC,27,0.9870505789669338,1.0775325765519228,1.05272821025985
GRC,28,1.0228651742432817,1.0504760800883568,1.05272821025985
GRC,29T30,1.0355565181691049,1.0415533198153089,1.05272821025985
GRC,31T33,1.0575181574949974,1.0442467833342919,1.05272821025985
GRC,35,0.8218159919999658,1.0872448866217934,1.05272821025985
GRC,36T39,1.0427953875570086,1.0788624430307174,1.05272821025985
GRC,41T43,1.043364741323157,1.069122307421988,1.05272821025985
GRC,45T47,1.0214010406084564,1.0290700276066984,1.05272821025985
GRC,49,1.023907833447004,1.0375193076633056,1.05272821025985
GRC,50,0.7506267957751936,1.0957408271464375,1.05272821025985
GRC,51,1.0402864051134635,1.044112330566402,1.05272821025985
GRC,52,0.9816125620671721,1.0417343258313536,1.05272821025985
GRC,53,1.017108008076215,1.032963054897579,1.05272821025985
GRC,55T56,1.0398196456763926,1.0402218797710825,1.05272821025985
GRC,58T60,1.0259225220193986,1.0335599164995368,1.05272821025985
GRC,61,1.0404975119851945,1.0286489972188355,1.05272821025985
GRC,62T63,1.0292066114691882,1.0264201968667284,1.05272821025985
GRC,64T66,1.0303525430911844,1.021001915404714,1.05272821025985
GRC,68,1.0386170936513799,1.021313382735008,1.05272821025985
GRC,69T75,1.0191976230589728,1.025891505934307,1.05272821025985
GRC,77T82,1.0344503576606983,1.0311898448351042,1.05272821025985
GRC,84,1.0491225052087745,1.0241823930615963,1.05272821025985
GRC,85,1.0499807065378157,1.0226503942381464,1.05272821025985
GRC,86T88,1.0504457754057348,1.0295778589939935,1.05272821025985
GRC,90T93,1.0436048764635615,1.0311186526041782,1.05272821025985
GRC,94T98,1.0437220086034409,1.0345610751684338,1.05272821025985
HRV,01T02,0.9520237777238093,1.0548810803901822,1.049962273008526
HRV,03,1.0080534948615893,1.054783468206409,1.049962273008526
HRV,05T06,0.6099323365362394,1.0817217983434093,1.049962273008526
HRV,07T08,0.9821031948530257,1.0525076492398417,1.049962273008526
HRV,10T12,1.0408246755465185,1.0615252081539426,1.049962273008526
HRV,13T15,1.0211683767618058,1.044522788958353,1.049962273008526
HRV,16,1.0442312452067313,1.0554399082585475,1.049962273008526
HRV,17T18,1.011654238701324,1.0481420128415493,1.049962273008526
HRV,19,0.971473665185082,1.064617035032912,1.049962273008526
HRV,20,0.5418963603095308,1.0652244205004326,1.049962273008526
HRV,21,1.0012152078923449,1.0421035867908388,1.049962273008526
HRV,22,1.059246458681865,1.053281077147431,1.049962273008526
HRV,23,0.796665202532465,1.0518290157956924,1.049962273008526
HRV,24,1.1384802116142667,1.0586518513002927,1.049962273008526
HRV,25,1.050244536409325,1.0434311135773133,1.049962273008526
HRV,26,1.0447777381615542,1.0312165636010857,1.049962273008526
HRV,27,1.0512909348277142,1.0445814626639571,1.049962273008526
HRV,28,1.045115230221978,1.0410328156438555,1.049962273008526
HRV,29T30,1.0326469211000049,1.04348072532193,1.049962273008526
HRV,31T33,1.056192745591762,1.0517270216936656,1.049962273008526
HRV,35,1.0101048992619797,1.041939060285697,1.049962273008526
HRV,36T39,1.0307918104783353,1.0401960376218933,1.049962273008526
HRV,41T43,1.0277269950384509,1.055106101576765,1.049962273008526
HRV,45T47,1.020063419447069,1.038485017414523,1.049962273008526
HRV,49,1.0087333110517145,1.036719320466091,1.049962273008526
HRV,50,0.7109589366059105,1.0602217685910267,1.049962273008526
HRV,51,1.1672138490911783,1.0372945856118903,1.049962273008526
HRV,52,1.019343959656487,1.0443627843404868,1.049962273008526
HRV,53,1.0248647648895493,1.0337547586368134,1.049962273008526
HRV,55T56,1.042677665683086,1.0386243760894027,1.049962273008526
HRV,58T60,1.0155529951548334,1.0318095003591572,1.049962273008526
HRV,61,1.0353118766430316,1.030773171450955,1.049962273008526
HRV,62T63,1.0141861450886174,1.0295509187998788,1.049962273008526
HRV,64T66,1.0229012403879212,1.0268330213930619,1.049962273008526
HRV,68,1.0417731589048806,1.0370757074745653,1.049962273008526
HRV,69T75,1.0177849694724674,1.0338898219100499,1.049962273008526
HRV,77T82,1.0283255096344868,1.0363737274321974,1.049962273008526
HRV,84,1.0443153709638624,1.0333215233645676,1.049962273008526
HRV,85,1.0443899747760297,1.028346692537379,1.049962273008526
HRV,86T88,1.0457300586972795,1.0349741063557876,1.049962273008526
HRV,90T93,1.039357049781814,1.0357388061551536,1.049962273008526
HRV,94T98,1.0362387730404716,1.0350214109575766,1.049962273008526
HUN,01T02,0.8884677420708127,1.061191112576942,1.049548425173114
HUN,03,1.005942052350917,1.0498388086665442,1.049548425173114
HUN,05T06,0.4265601009084766,1.0650180591093203,1.049548425173114
HUN,07T08,0.9597127284705799,1.077991431077186,1.049548425173114
HUN,10T12,1.0041879469574402,1.080995954352295,1.049548425173114
HUN,13T15,1.0329397445060442,1.0393232469633407,1.049548425173114
HUN,16,1.0149146790335781,1.0603512874706291,1.049548425173114
HUN,17T18,1.0032064671701755,1.0452104979510553,1.049548425173114
HUN,19,0.9907791780947411,1.0574125339753042,1.049548425173114
HUN,20,0.8759732675116466,1.0588428692592138,1.049548425173114
HUN,21,1.000462857736944,1.0369664604195667,1.049548425173114
HUN,22,1.0718672749595504,1.0538039717290186,1.049548425173114
HUN,23,0.9822730832069594,1.0622308665254652,1.049548425173114
HUN,24,1.0889429684719556,1.0676359000865345,1.049548425173114
HUN,25,1.0386941898603623,1.0535846317322808,1.049548425173114
HUN,26,1.0364988973370322,1.03893570199084,1.049548425173114
HUN,27,1.0379949775354145,1.0514889869864552,1.049548425173114
HUN,28,1.0335280668319866,1.0451846833427987,1.049548425173114
HUN,29T30,1.0422169240680785,1.0433184026974727,1.049548425173114
HUN,31T33,1.0692481054524712,1.0377564236692554,1.049548425173114
HUN,35,0.753121436013388,1.046311891173525,1.049548425173114
HUN,36T39,1.030019008747708,1.0374012515916315,1.049548425173114
HUN,41T43,1.0391204056910346,1.0474354787049889,1.049548425173114
HUN,45T47,1.0094083957480025,1.0345497173047244,1.049548425173114
HUN,49,0.9817617856227687,1.035263678356317,1.049548425173114
HUN,50,0.7748758654923802,1.0431504224104449,1.049548425173114
HUN,51,0.8937335928045457,1.042764564585839,1.049548425173114
HUN,52,1.0060953030206408,1.030951683174099,1.049548425173114
HUN,53,1.0306057065336849,1.0274988520072683,1.049548425173114
HUN,55T56,1.0362156605715462,1.043978852658279,1.049548425173114
HUN,58T60,1.031279906328106,1.0280073604476763,1.049548425173114
HUN,61,1.0386231869544686,1.0242853392139613,1.049548425173114
HUN,62T63,1.0249281846831744,1.0220553967653487,1.049548425173114
HUN,64T66,1.0262275236153167,1.0218545647173995,1.049548425173114
HUN,68,1.0373720169945562,1.0249186691363106,1.049548425173114
HUN,69T75,1.0234994168195557,1.0263189772784365,1.049548425173114
HUN,77T82,1.0173986781000472,1.029804170149081,1.049548425173114
HUN,84,1.0446617809901897,1.024723909129,1.049548425173114
HUN,85,1.0461408905313454,1.0235906448833758,1.049548425173114
HUN,86T88,1.046092773212056,1.0285678595734236,1.049548425173114
HUN,90T93,1.0415082836085756,1.0312576734872303,1.049548425173114
HUN,94T98,1.0372517225177456,1.0273399441065636,1.049548425173114
IDN,01T02,0.5322320439750341,0.9835136593588741,1.0212645963057922
IDN,03,1.013363888228662,0.9410302444142022,1.0212645963057922
IDN,05T06,0.7429918854621416,0.9923985778760914,1.0212645963057922
IDN,07T08,1.0177493146363585,0.9622378655603201,1.0212645963057922
IDN,10T12,0.9505791094750702,1.1526715493633872,1.0212645963057922
IDN,13T15,1.1704326316328983,0.9835089452533234,1.0212645963057922
IDN,16,0.8986353522469435,1.1167632362733673,1.0212645963057922
IDN,17T18,0.9955069776083167,1.0156313558242367,1.0212645963057922
IDN,19,0.9049403126370622,1.0448665659509735,1.0212645963057922
IDN,20,0.8463815158124216,1.0383793791332139,1.0212645963057922
IDN,21,0.9593450754533321,1.0432076875686789,1.0212645963057922
IDN,22,0.813324412082438,1.1307589003578304,1.0212645963057922
IDN,23,0.6678515635929563,1.04437398979294,1.0212645963057922
IDN,24,1.1955356388515497,0.9927373139449684,1.0212645963057922
IDN,25,1.016452303050128,1.023878396830433,1.0212645963057922
IDN,26,1.04749226308982,1.0134179257352023,1.0212645963057922
IDN,27,1.0846727632787185,1.0128325902268853,1.0212645963057922
IDN,28,1.0311232238227277,1.0293458560229398,1.0212645963057922
IDN,29T30,1.0872880981883921,0.9795906895336235,1.0212645963057922
IDN,31T33,0.9002847979864455,1.016278851106436,1.0212645963057922
IDN,35,0.5954928458867438,1.231566032292755,1.0212645963057922
IDN,36T39,1.0061330371260497,0.9954640341013314,1.0212645963057922
IDN,41T43,1.0057554812956289,1.0160808917817072,1.0212645963057922
IDN,45T47,1.0056151607242212,0.9616245275433668,1.0212645963057922
IDN,49,0.9476939400596761,0.9670216338244244,1.0212645963057922
IDN,50,0.7448710765592494,1.0034271132957913,1.0212645963057922
IDN,51,1.0094352769219928,0.9799690101115104,1.0212645963057922
IDN,52,1.001786035300984,0.9796453351037941,1.0212645963057922
IDN,53,1.0249711748567918,0.9819758232122542,1.0212645963057922
IDN,55T56,1.016774697113122,1.0402523394704213,1.0212645963057922
IDN,58T60,1.0248655911934057,0.9856675394116647,1.0212645963057922
IDN,61,1.0066928564898847,0.9526791565918582,1.0212645963057922
IDN,62T63,1.020664238306294,0.9880494736422135,1.0212645963057922
IDN,64T66,0.9768863953010849,0.9384666056093746,1.0212645963057922
IDN,68,1.019507766098845,0.9452991035400724,1.0212645963057922
IDN,69T75,1.1970996117478607,0.9523396514764398,1.0212645963057922
IDN,77T82,0.9933400173288826,0.9507274782847588,1.0212645963057922
IDN,84,1.0135120501218406,0.9743955304510689,1.0212645963057922
IDN,85,1.0204633793981919,0.9555638086811227,1.0212645963057922
IDN,86T88,1.0166501653742084,0.9948455171698166,1.0212645963057922
IDN,90T93,1.0407466506856609,0.9709907813980411,1.0212645963057922
IDN,94T98,1.0156239378791254,0.9553538083087286,1.0212645963057922
IND,01T02,0.9051912073252342,0.9989255615270005,1.0433965038857718
IND,03,1.0424368050275803,0.9793622665772166,1.0433965038857718
IND,05T06,0.7275305711434727,1.0076407836558543,1.0433965038857718
IND,07T08,0.6620683322778043,1.0289216795373737,1.0433965038857718
IND,10T12,1.0394784124103302,1.0743304034830248,1.0433965038857718
IND,13T15,1.0103481762091675,1.0414551810165886,1.0433965038857718
IND,16,1.0046688916819626,1.0310235896764508,1.0433965038857718
IND,17T18,0.9718956779694659,1.0405744220334527,1.0433965038857718
IND,19,0.8960425296059809,1.0439283484670467,1.0433965038857718
IND,20,0.9391179849669035,1.0448999696697359,1.0433965038857718
IND,21,1.0219758066691413,1.0106662739181913,1.0433965038857718
IND,22,0.8308946184429419,1.0533729944690813,1.0433965038857718
IND,23,0.7811934043965011,1.0544289697073115,1.0433965038857718
IND,24,0.5442943511545778,1.090944775406697,1.0433965038857718
IND,25,0.9329798940595817,1.0855928590525084,1.0433965038857718
IND,26,0.9889886868506289,1.0787517328411431,1.0433965038857718
IND,27,0.9667667636770776,1.1168744169864284,1.0433965038857718
IND,28,0.9813291778501547,1.0838543894781891,1.0433965038857718
IND,29T30,0.9977642930686486,1.1053648587964566,1.0433965038857718
IND,31T33,0.7127842215126202,1.0642117332787335,1.0433965038857718
IND,35,0.5873620133045303,1.0264290357786041,1.0433965038857718
IND,36T39,0.9576284177147779,1.0215875316626688,1.0433965038857718
IND,41T43,1.0305750575931096,1.0668061593644758,1.0433965038857718
IND,45T47,0.9947306003977899,0.9906355850383478,1.0433965038857718
IND,49,0.949389667666122,1.0169547895954931,1.0433965038857718
IND,50,0.7976686537285778,1.03347864147132,1.0433965038857718
IND,51,0.8637007084869295,1.060975320658152,1.0433965038857718
IND,52,0.9353992923574056,1.0347497307040794,1.0433965038857718
IND,53,0.9601466682789653,0.9993158678569422,1.0433965038857718
IND,55T56,1.0058984143582455,1.0605978251078438,1.0433965038857718
IND,58T60,1.0136183670542704,1.0234251828755567,1.0433965038857718
IND,61,0.979824126012766,1.0649632827026743,1.0433965038857718
IND,62T63,1.0803679777435224,0.9859553324095468,1.0433965038857718
IND,64T66,1.0032788973940692,1.009555117342602,1.0433965038857718
IND,68,1.0363074266922234,0.980717597857526,1.0433965038857718
IND,69T75,1.0051035321318635,1.0089457494027445,1.0433965038857718
IND,77T82,0.9736978183032288,1.001324994727261,1.0433965038857718
IND,84,1.0420026426364022,0.9971953803651378,1.0433965038857718
IND,85,1.0403179270366805,0.9816723073962158,1.0433965038857718
IND,86T88,1.0422770996865753,0.991869694495291,1.0433965038857718
IND,90T93,1.0404219626073439,1.002545510492847,1.0433965038857718
IND,94T98,1.035056246665479,1.0168930176930773,1.0433965038857718
IRL,01T02,0.6717738362758506,1.0645940214193466,1.066090315634313
IRL,03,0.9798929544491729,1.0621110263856461,1.066090315634313
IRL,05T06,0.3565271306043877,1.0677884501410975,1.066090315634313
IRL,07T08,0.9694818502630544,1.0676767688541606,1.066090315634313
IRL,10T12,1.0354960004631009,1.0658656003559326,1.066090315634313
IRL,13T15,0.9868354167451233,1.0379179242803613,1.066090315634313
IRL,16,0.9914835546784673,1.07476302899702,1.066090315634313
IRL,17T18,1.0600602134400512,1.037670669598324,1.066090315634313
IRL,19,1.100939770902809,1.0433718693740206,1.066090315634313
IRL,20,1.1308181074909993,1.0410466035191224,1.066090315634313
IRL,21,1.0648937427261302,1.0354621246951359,1.066090315634313
IRL,22,1.1181509248042099,1.0427650957937709,1.066090315634313
IRL,23,0.930482651559664,1.055024422458381,1.066090315634313
IRL,24,0.9903360759257555,1.0532022288708491,1.066090315634313
IRL,25,1.0765915819066771,1.0420764512471803,1.066090315634313
IRL,26,1.015885416813816,1.0395027637948153,1.066090315634313
IRL,27,1.0565537598015746,1.0448628333389958,1.066090315634313
IRL,28,1.0235367059662575,1.0402874790446888,1.066090315634313
IRL,29T30,1.0398302774045642,1.0446726805807913,1.066090315634313
IRL,31T33,1.1017633738545578,1.0371203380992293,1.066090315634313
IRL,35,0.9331684933878254,1.0416123383830382,1.066090315634313
IRL,36T39,1.0476876056067288,1.0393291989041475,1.066090315634313
IRL,41T43,1.0486143331985138,1.0477677977972557,1.066090315634313
IRL,45T47,1.0052251776586887,1.0372970575503724,1.066090315634313
IRL,49,1.0420692052702367,1.0382255654323165,1.066090315634313
IRL,50,0.9754270531680815,1.059658754728206,1.066090315634313
IRL,51,0.48868375605727976,1.0443054658888526,1.066090315634313
IRL,52,1.007951585779811,1.0394732683025536,1.066090315634313
IRL,53,1.0214834305140847,1.0358764643227338,1.066090315634313
IRL,55T56,1.0531668365477351,1.0385589521230767,1.066090315634313
IRL,58T60,1.0226705086898464,1.034265462744478,1.066090315634313
IRL,61,1.021810725408101,1.0359112146219551,1.066090315634313
IRL,62T63,1.0069861847423625,1.0355692121820521,1.066090315634313
IRL,64T66,0.9954716036643539,1.0335525862128754,1.066090315634313
IRL,68,1.0334629352999163,1.0337473314934578,1.066090315634313
IRL,69T75,1.0091537650248819,1.0352268621758527,1.066090315634313
IRL,77T82,1.002596992056604,1.0359058238818784,1.066090315634313
IRL,84,1.0601354347887153,1.0368950260261798,1.066090315634313
IRL,85,1.059300485515097,1.0345955662748296,1.066090315634313
IRL,86T88,1.062793387743205,1.035282883523267,1.066090315634313
IRL,90T93,1.039279751270186,1.0376158434067528,1.066090315634313
IRL,94T98,1.0458848152664744,1.0358714676377534,1.066090315634313
ISL,01T02,0.94424095218565,1.0481679604719492,1.0401363144585438
ISL,03,0.9600360555341646,1.0346067416865947,1.0401363144585438
ISL,05T06,1.0100247570158845,1.0384687401686328,1.0401363144585438
ISL,07T08,1.001495681841049,1.0361626361864247,1.0401363144585438
ISL,10T12,1.0755506219131292,1.053716775665175,1.0401363144585438
ISL,13T15,1.0303232880223507,1.037915575170644,1.0401363144585438
ISL,16,1.1369530854117291,1.0482732461928144,1.0401363144585438
ISL,17T18,1.0723500771590098,1.0358104902492866,1.0401363144585438
ISL,19,1.0678882800190101,1.0303842492728439,1.0401363144585438
ISL,20,1.106610586952115,1.0434777211989559,1.0401363144585438
ISL,21,1.0027688197042464,1.0575793358326564,1.0401363144585438
ISL,22,1.0963819525409704,1.0431450907866446,1.0401363144585438
ISL,23,1.1017596813566182,1.0396552203609284,1.0401363144585438
ISL,24,0.9085813909109351,1.062068575904101,1.0401363144585438
ISL,25,1.0546271324221357,1.044374686747261,1.0401363144585438
ISL,26,1.036789729437122,1.0391750634995247,1.0401363144585438
ISL,27,1.0047983782922945,1.0433448389329125,1.0401363144585438
ISL,28,1.035076631755913,1.0388482332862308,1.0401363144585438
ISL,29T30,1.023441389160994,1.0395398055923217,1.0401363144585438
ISL,31T33,1.0545768283201256,1.0381722158128512,1.0401363144585438
ISL,35,1.006953607417647,1.0312262574175184,1.0401363144585438
ISL,36T39,1.002566984493753,1.0338315444611277,1.0401363144585438
ISL,41T43,1.037535664435491,1.0394442055784276,1.0401363144585438
ISL,45T47,1.0173564455580213,1.0395274092476117,1.0401363144585438
ISL,49,1.0186579841411156,1.037812293569074,1.0401363144585438
ISL,50,0.9501280672331457,1.0467784223683385,1.0401363144585438
ISL,51,0.9381546943570357,1.051670861654568,1.0401363144585438
ISL,52,0.9957737785460465,1.033502120615143,1.0401363144585438
ISL,53,1.0206402283859886,1.030453757741008,1.0401363144585438
ISL,55T56,1.045124369969539,1.034815568311688,1.0401363144585438
ISL,58T60,1.014948197888923,1.0329136344753924,1.0401363144585438
ISL,61,1.0154513796998883,1.029971437699546,1.0401363144585438
ISL,62T63,1.0197975338832357,1.0277288016657478,1.0401363144585438
ISL,64T66,1.0115551007961945,1.0268028554914599,1.0401363144585438
ISL,68,1.0372149946339702,1.0266168846672261,1.0401363144585438
ISL,69T75,1.0210417424120364,1.0283228265998459,1.0401363144585438
ISL,77T82,1.0241051379673107,1.0391890687622938,1.0401363144585438
ISL,84,1.0383713794677611,1.0288560758986929,1.0401363144585438
ISL,85,1.0395872903966448,1.0267213033448992,1.0401363144585438
ISL,86T88,1.0396149562267099,1.0271388147208969,1.0401363144585438
ISL,90T93,1.0370245058136038,1.029162219373218,1.0401363144585438
ISL,94T98,1.0351662091872356,1.0288836812845006,1.0401363144585438
ISR,01T02,1.1833017448604874,1.0666309942963408,1.0522568090247189
ISR,03,1.035952679253039,1.0502489719379517,1.0522568090247189
ISR,05T06,0.41792475763636,1.0471911549994113,1.0522568090247189
ISR,07T08,0.9614347232803542,1.0429940555516002,1.0522568090247189
ISR,10T12,1.0624769314696112,1.0580968333185532,1.0522568090247189
ISR,13T15,0.9983438131650366,1.0453174322470662,1.0522568090247189
ISR,16,1.0913784867606637,1.048354893290566,1.0522568090247189
ISR,17T18,1.0556520295280103,1.045573149156375,1.0522568090247189
ISR,19,0.9976384195775774,1.0633157141571936,1.0522568090247189
ISR,20,1.094695247768849,1.0481975660094027,1.0522568090247189
ISR,21,1.0458127877134853,1.043741165948282,1.0522568090247189
ISR,22,0.9837709349967685,1.051699227075606,1.0522568090247189
ISR,23,1.0179080584430034,1.05556941182994,1.0522568090247189
ISR,24,1.2638095427839389,1.0759433490994783,1.0522568090247189
ISR,25,1.0690356112992376,1.0500398808983271,1.0522568090247189
ISR,26,1.0400356555265178,1.0401585425899784,1.0522568090247189
ISR,27,1.0612733119709337,1.046342558217017,1.0522568090247189
ISR,28,1.0434721441191859,1.0461361499006454,1.0522568090247189
ISR,29T30,1.0397497187734122,1.0473321122599222,1.0522568090247189
ISR,31T33,0.9890041325088204,1.0366480886021008,1.0522568090247189
ISR,35,0.8486845336708616,1.061297955607684,1.0522568090247189
ISR,36T39,1.0492726646171568,1.047718945688765,1.0522568090247189
ISR,41T43,1.049798890295056,1.0478547262871016,1.0522568090247189
ISR,45T47,1.024465535640985,1.0378987571488854,1.0522568090247189
ISR,49,1.0200988436834635,1.0430671626181605,1.0522568090247189
ISR,50,0.9472754319442378,1.0562770194931403,1.0522568090247189
ISR,51,1.0709073533460403,1.0485401032405628,1.0522568090247189
ISR,52,0.9850713326299652,1.0420495011418516,1.0522568090247189
ISR,53,1.0363534564477364,1.0387460725847522,1.0522568090247189
ISR,55T56,1.0346352910056025,1.049290644238576,1.0522568090247189
ISR,58T60,1.0126221467239258,1.0381548180015439,1.0522568090247189
ISR,61,1.0333025167895975,1.036091870953349,1.0522568090247189
ISR,62T63,0.9919718976810861,1.035077119384633,1.0522568090247189
ISR,64T66,1.0185116208665628,1.036773652888256,1.0522568090247189
ISR,68,1.0464753138882885,1.0352800257393853,1.0522568090247189
ISR,69T75,1.0308786052009262,1.0373292544973962,1.0522568090247189
ISR,77T82,1.0340307578281631,1.0351529775461332,1.0522568090247189
ISR,84,1.0503946706879788,1.0425943277574747,1.0522568090247189
ISR,85,1.050806001940957,1.0371232848893,1.0522568090247189
ISR,86T88,1.050972574804748,1.0381581562268767,1.0522568090247189
ISR,90T93,1.0463885713465173,1.035847473146534,1.0522568090247189
ISR,94T98,1.042442297461839,1.0439336947500208,1.0522568090247189
ITA,01T02,1.067855237093571,1.0536046513100716,1.057143813309265
ITA,03,1.0013531207665773,1.0514905986030156,1.057143813309265
ITA,05T06,0.9035419834651103,1.050614122935218,1.057143813309265
ITA,07T08,1.0139419632943671,1.0405609732485643,1.057143813309265
ITA,10T12,1.057149221465467,1.0647709520468995,1.057143813309265
ITA,13T15,1.0177866615494233,1.046880464480559,1.057143813309265
ITA,16,1.0598269479776121,1.056366111314418,1.057143813309265
ITA,17T18,1.0328646775358366,1.0522930680124287,1.057143813309265
ITA,19,1.0070262617342782,1.0655966347534842,1.057143813309265
ITA,20,1.0494559899392248,1.0613189183585514,1.057143813309265
ITA,21,1.0224137448754864,1.050982603915082,1.057143813309265
ITA,22,1.0665363710694518,1.0577812508793811,1.057143813309265
ITA,23,1.029495170525845,1.06647515650229,1.057143813309265
ITA,24,1.1343050572439586,1.0759632040599263,1.057143813309265
ITA,25,1.0371908029093933,1.0558985694231748,1.057143813309265
ITA,26,1.029340875792574,1.0511846332256853,1.057143813309265
ITA,27,1.0323946165207936,1.0561216491043135,1.057143813309265
ITA,28,1.0257701353183857,1.0522283494003097,1.057143813309265
ITA,29T30,1.029608663186663,1.0516312988203522,1.057143813309265
ITA,31T33,1.0658607526238142,1.051256711833311,1.057143813309265
ITA,35,0.9330462267035988,1.0886428565114123,1.057143813309265
ITA,36T39,1.0508620595773732,1.0504729812914184,1.057143813309265
ITA,41T43,1.0507516657622569,1.0494274116977325,1.057143813309265
ITA,45T47,1.0244736044818956,1.0449801406483477,1.057143813309265
ITA,49,1.0203024986394456,1.0502473787361335,1.057143813309265
ITA,50,0.8223028219846349,1.0506732589518715,1.057143813309265
ITA,51,1.014984882823509,1.0489350554244,1.057143813309265
ITA,52,1.0234949617715028,1.0483142972973158,1.057143813309265
ITA,53,1.0193989897353402,1.0574456859602281,1.057143813309265
ITA,55T56,1.0436927642228793,1.0492729208079283,1.057143813309265
ITA,58T60,1.0166543680077313,1.043823552867573,1.057143813309265
ITA,61,1.0287081157221922,1.0423034943209746,1.057143813309265
ITA,62T63,1.0288597475006853,1.0412802888104156,1.057143813309265
ITA,64T66,1.0298222521007512,1.0404240742469686,1.057143813309265
ITA,68,1.0490111400211457,1.039691351284721,1.057143813309265
ITA,69T75,1.0316990802772865,1.0434069467135345,1.057143813309265
ITA,77T82,1.0323215208806231,1.0457968692893782,1.057143813309265
ITA,84,1.0539094082392308,1.0434844155385328,1.057143813309265
ITA,85,1.0530350818457308,1.0413893552142297,1.057143813309265
ITA,86T88,1.0545578334650962,1.045007092976013,1.057143813309265
ITA,90T93,1.0449413917721406,1.0448325177683744,1.057143813309265
ITA,94T98,1.0513089876853845,1.046289322286871,1.057143813309265
JPN,01T02,1.0804259839767196,1.0550961813732227,1.0533946520772304
JPN,03,1.0084761684846713,1.0459819229236187,1.0533946520772304
JPN,05T06,0.7790304598717366,1.0492475163407804,1.0533946520772304
JPN,07T08,0.9438402885698418,1.0523898242061156,1.0533946520772304
JPN,10T12,1.0572529114135762,1.0553548424253607,1.0533946520772304
JPN,13T15,1.0149854390035395,1.047537149706955,1.0533946520772304
JPN,16,1.0603700353420389,1.0566637381944868,1.0533946520772304
JPN,17T18,1.0116571555118954,1.0545082408307902,1.0533946520772304
JPN,19,0.9540335208322553,1.0792684125269234,1.0533946520772304
JPN,20,0.9972949748754084,1.0641855681594468,1.0533946520772304
JPN,21,1.006969523780763,1.0497941931959298,1.0533946520772304
JPN,22,1.0669321103120262,1.0565894311991528,1.0533946520772304
JPN,23,0.9616984698393335,1.0497017421729642,1.0533946520772304
JPN,24,1.0591148086022413,1.0683676390554806,1.0533946520772304
JPN,25,1.0483284685828536,1.065242015468775,1.0533946520772304
JPN,26,1.029581269774161,1.049630947092714,1.0533946520772304
JPN,27,1.0441187293224912,1.055582216275807,1.0533946520772304
JPN,28,1.0355685325683317,1.051729094536802,1.0533946520772304
JPN,29T30,1.013098101664856,1.0550573563353594,1.0533946520772304
JPN,31T33,1.0431993564550173,1.0488258661505905,1.0533946520772304
JPN,35,0.8441157117113223,1.0908079077008985,1.0533946520772304
JPN,36T39,1.0377312050189085,1.0391438914260653,1.0533946520772304
JPN,41T43,1.0500194000092524,1.0534179465921325,1.0533946520772304
JPN,45T47,1.0208101408561843,1.0427855903855974,1.0533946520772304
JPN,49,1.0311625491079568,1.042267552564524,1.0533946520772304
JPN,50,0.8363975207786819,1.0849806064293326,1.0533946520772304
JPN,51,0.9504839094227363,1.056222645427051,1.0533946520772304
JPN,52,1.0153364857359057,1.0410028337014248,1.0533946520772304
JPN,53,1.02202002328503,1.0405372838732994,1.0533946520772304
JPN,55T56,1.0401378669640717,1.050951182316321,1.0533946520772304
JPN,58T60,1.0233544242323371,1.0416847708790236,1.0533946520772304
JPN,61,1.0440439175695801,1.040022895832489,1.0533946520772304
JPN,62T63,1.0249487686090488,1.038310498813086,1.0533946520772304
JPN,64T66,1.031766415910255,1.0378093186406114,1.0533946520772304
JPN,68,1.0468337082134005,1.0344904319573898,1.0533946520772304
JPN,69T75,1.0226976082091517,1.0395814859749433,1.0533946520772304
JPN,77T82,1.0163001708161596,1.038929924505809,1.0533946520772304
JPN,84,1.0507679842842972,1.0395450192023998,1.0533946520772304
JPN,85,1.0489708631159866,1.038322492793848,1.0533946520772304
JPN,86T88,1.0514475310540488,1.0412346912486632,1.0533946520772304
JPN,90T93,1.0439739835572626,1.0465168502317315,1.0533946520772304
JPN,94T98,1.0453857029457536,1.0434459732947932,1.0533946520772304
KAZ,01T02,0.8463325414018947,0.9765520218028044,0.9860529426960138
KAZ,03,0.9864354845403835,0.9357353898645739,0.9860529426960138
KAZ,05T06,0.8140064481633755,0.9645046096672735,0.9860529426960138
KAZ,07T08,0.7492396313488012,0.9888971259490457,0.9860529426960138
KAZ,10T12,1.0254200848676183,1.0027718561638148,0.9860529426960138
KAZ,13T15,1.0821248963267818,0.9917863217684263,0.9860529426960138
KAZ,16,0.8115144864452123,1.0169366245785998,0.9860529426960138
KAZ,17T18,1.0482646112658323,0.9804986545386397,0.9860529426960138
KAZ,19,0.8361460578005472,0.9901860917166924,0.9860529426960138
KAZ,20,0.8143656112807495,0.9874511228193326,0.9860529426960138
KAZ,21,0.8726569405668292,0.9524174835396599,0.9860529426960138
KAZ,22,0.9621034016858337,1.002163919112097,0.9860529426960138
KAZ,23,0.458264215824581,1.0062230800448895,0.9860529426960138
KAZ,24,0.924337762786059,0.9811370575074776,0.9860529426960138
KAZ,25,1.0658941155722579,0.9969067422750678,0.9860529426960138
KAZ,26,1.0216521817608488,0.9746149541780262,0.9860529426960138
KAZ,27,1.090558306811268,0.9864451929321024,0.9860529426960138
KAZ,28,1.049790579386028,0.9875387557170024,0.9860529426960138
KAZ,29T30,1.1200301798002448,0.9633319249228838,0.9860529426960138
KAZ,31T33,1.021058544039318,0.9849236521446072,0.9860529426960138
KAZ,35,0.2910054151028379,1.0071712387574043,0.9860529426960138
KAZ,36T39,0.9540299555075783,1.0242712442910495,0.9860529426960138
KAZ,41T43,0.9662829255560211,1.0136926444742829,0.9860529426960138
KAZ,45T47,0.9918484551712498,0.9494976798545957,0.9860529426960138
KAZ,49,0.940138352117128,0.9624414506527484,0.9860529426960138
KAZ,50,1.156200361699651,0.984101226155859,0.9860529426960138
KAZ,51,1.0170896556548514,0.9580560236370029,0.9860529426960138
KAZ,52,1.0114219313353594,0.9557221163226407,0.9860529426960138
KAZ,53,1.014905110920814,0.9496614305217995,0.9860529426960138
KAZ,55T56,1.046141163195309,0.9665886516784054,0.9860529426960138
KAZ,58T60,1.0071145727422344,0.9847332994609863,0.9860529426960138
KAZ,61,0.9904996730419632,0.9630249885487928,0.9860529426960138
KAZ,62T63,0.9723651958422139,0.9694598428548896,0.9860529426960138
KAZ,64T66,0.9698086795963223,0.9449638829156574,0.9860529426960138
KAZ,68,0.9786569617795521,0.9523825271325129,0.9860529426960138
KAZ,69T75,0.975444371519393,0.9697776046984209,0.9860529426960138
KAZ,77T82,0.9736896345057565,0.9620846839908082,0.9860529426960138
KAZ,84,0.9680868563370172,1.0049510247186642,0.9860529426960138
KAZ,85,0.9792668202487255,1.0000981131807751,0.9860529426960138
KAZ,86T88,0.9769096608229698,0.9960648089373737,0.9860529426960138
KAZ,90T93,0.975642646417608,1.0075748795587267,0.9860529426960138
KAZ,94T98,0.9778666150435863,1.0189435561172089,0.9860529426960138
KHM,01T02,0.3800308853124592,1.0057139671033501,1.0562986033548212
KHM,03,0.9833094192178408,0.9453712275584633,1.0562986033548212
KHM,05T06,1.034710297187106,0.9701786189395576,1.0562986033548212
KHM,07T08,0.9228691998065501,0.9792612247103069,1.0562986033548212
KHM,10T12,0.882646909882212,1.1829354652179542,1.0562986033548212
KHM,13T15,1.2192009364047929,1.0024393482770328,1.0562986033548212
KHM,16,0.9808556280596081,1.0492000825305854,1.0562986033548212
KHM,17T18,1.0170451720831073,1.0566300583142274,1.0562986033548212
KHM,19,0.20594433051608663,1.0166026775001935,1.0562986033548212
KHM,20,1.062197676140984,1.0666034449833657,1.0562986033548212
KHM,21,1.1827004622331674,0.9951555449650409,1.0562986033548212
KHM,22,0.8622740148626856,1.0976884028890892,1.0562986033548212
KHM,23,0.19944440506391267,1.0051558045039286,1.0562986033548212
KHM,24,1.7158230507321184,0.9977574808534116,1.0562986033548212
KHM,25,1.2659788655938644,1.0107615885783119,1.0562986033548212
KHM,26,1.095924417284522,0.9968076119459505,1.0562986033548212
KHM,27,1.163732986896436,1.0069653473026117,1.0562986033548212
KHM,28,1.1582134075398478,0.9938904867473604,1.0562986033548212
KHM,29T30,1.1188029495093323,1.003010076832057,1.0562986033548212
KHM,31T33,0.9033248932593335,1.008448353729127,1.0562986033548212
KHM,35,0.6042421381398917,1.065733971092422,1.0562986033548212
KHM,36T39,1.0252933903119545,1.0403259152821054,1.0562986033548212
KHM,41T43,1.0354290351654836,0.9952153774380683,1.0562986033548212
KHM,45T47,1.0675583162105995,0.9988273751464962,1.0562986033548212
KHM,49,0.958946631647111,0.9906049133552979,1.0562986033548212
KHM,50,1.064142436088573,1.013897171728701,1.0562986033548212
KHM,51,0.6740501080909779,1.0260286941866184,1.0562986033548212
KHM,52,1.0989538093239422,0.9802076898519795,1.0562986033548212
KHM,53,1.1168529438708612,0.9835687900750022,1.0562986033548212
KHM,55T56,0.9833332458793879,1.0965672696678725,1.0562986033548212
KHM,58T60,1.0795923941055285,0.999075889219251,1.0562986033548212
KHM,61,1.0557858319253592,0.9857144777474635,1.0562986033548212
KHM,62T63,1.0624478851101131,1.0009367523236878,1.0562986033548212
KHM,64T66,1.1158477671051519,0.9572985882375072,1.0562986033548212
KHM,68,1.0611749957193264,0.9874952855227566,1.0562986033548212
KHM,69T75,1.0709960370244505,0.9968794543657158,1.0562986033548212
KHM,77T82,1.0577690727345102,0.9968802666559431,1.0562986033548212
KHM,84,1.043786797563864,1.0143204249471764,1.0562986033548212
KHM,85,1.0643414919615435,0.9714513792396455,1.0562986033548212
KHM,86T88,1.0588252065509007,0.981658254424174,1.0562986033548212
KHM,90T93,1.073434328311194,0.9817392384111921,1.0562986033548212
KHM,94T98,1.0563603629520768,0.9755777256909415,1.0562986033548212
KOR,01T02,1.0784200526965524,1.0448534646561283,1.0616051493488414
KOR,03,0.9958998273260165,1.049351245647299,1.0616051493488414
KOR,05T06,0.38259544387331784,1.0416296438638897,1.0616051493488414
KOR,07T08,0.9406771526252067,1.0508180835027832,1.0616051493488414
KOR,10T12,1.054255540798175,1.0647053442268097,1.0616051493488414
KOR,13T15,1.004052622555074,1.0552929004397942,1.0616051493488414
KOR,16,1.058412352045804,1.0643156746983842,1.0616051493488414
KOR,17T18,0.9998232940058953,1.0594731212861142,1.0616051493488414
KOR,19,0.9605347161925617,1.057399944960539,1.0616051493488414
KOR,20,1.0046544865373768,1.0690854987901484,1.0616051493488414
KOR,21,1.03311803012137,1.0526148679419114,1.0616051493488414
KOR,22,1.0290802865116366,1.0616834774481096,1.0616051493488414
KOR,23,0.9337703351756707,1.0844892094841674,1.0616051493488414
KOR,24,0.9313293180617429,1.1046717658459793,1.0616051493488414
KOR,25,1.0259980048118638,1.0706782762724791,1.0616051493488414
KOR,26,1.0193597530862322,1.0480426472295092,1.0616051493488414
KOR,27,1.024865464100642,1.06294927480028,1.0616051493488414
KOR,28,1.0262320908375593,1.0591254579239204,1.0616051493488414
KOR,29T30,1.0047425265040018,1.0612574540152493,1.0616051493488414
KOR,31T33,1.0385989254961456,1.0553062462557408,1.0616051493488414
KOR,35,0.7414948234930547,1.1131934975989544,1.0616051493488414
KOR,36T39,1.01542848817916,1.0510207215111644,1.0616051493488414
KOR,41T43,1.0570992269835442,1.063367708814908,1.0616051493488414
KOR,45T47,1.0012130479888974,1.0415049061479391,1.0616051493488414
KOR,49,0.9743354454968066,1.0493771801770286,1.0616051493488414
KOR,50,0.9042944540186829,1.0686256255130313,1.0616051493488414
KOR,51,0.8357583665805939,1.0476276668184488,1.0616051493488414
KOR,52,0.9735758423860584,1.0450485749479428,1.0616051493488414
KOR,53,0.9760700166702266,1.0463769425580696,1.0616051493488414
KOR,55T56,1.0347044539014612,1.0532486783483477,1.0616051493488414
KOR,58T60,1.020291196946401,1.0363855464841862,1.0616051493488414
KOR,61,1.0242011566994196,1.0410745142954898,1.0616051493488414
KOR,62T63,1.0223278573992887,1.0316499174456848,1.0616051493488414
KOR,64T66,1.0346235544807596,1.0301386159386574,1.0616051493488414
KOR,68,1.0517413785444276,1.0298850468501655,1.0616051493488414
KOR,69T75,1.0135562112310195,1.0476387922027688,1.0616051493488414
KOR,77T82,1.0107805508974164,1.0321731461212198,1.0616051493488414
KOR,84,1.0570727274938239,1.0316095414636215,1.0616051493488414
KOR,85,1.05537475602119,1.038561071915265,1.0616051493488414
KOR,86T88,1.0558298337890022,1.043206725457331,1.0616051493488414
KOR,90T93,1.042561901111393,1.0468943913956388,1.0616051493488414
KOR,94T98,1.039847409243068,1.0467123202539235,1.0616051493488414
LAO,01T02,0.5573312838889851,0.9809252910480211,1.0016757757532628
LAO,03,0.856309878808129,0.9183825065938941,1.0016757757532628
LAO,05T06,0.9094574603684881,0.9605803127869162,1.0016757757532628
LAO,07T08,0.9511917280223637,0.9624367532596666,1.0016757757532628
LAO,10T12,0.8681854452972725,1.1883692786627458,1.0016757757532628
LAO,13T15,1.2599658022318174,0.9569147634360698,1.0016757757532628
LAO,16,0.9234022240284125,1.1191278332360117,1.0016757757532628
LAO,17T18,0.8701410395844511,1.109646949272209,1.0016757757532628
LAO,19,1.0803958873582278,0.9890579202091769,1.0016757757532628
LAO,20,1.3116492875887193,0.9863627112294968,1.0016757757532628
LAO,21,1.032129219897,0.9651320686713445,1.0016757757532628
LAO,22,0.743003206317325,1.0132837892157014,1.0016757757532628
LAO,23,1.0148290363462058,0.9901246961576006,1.0016757757532628
LAO,24,1.9785332383679648,0.9952096125814394,1.0016757757532628
LAO,25,1.3035147960830347,0.9974451146270409,1.0016757757532628
LAO,26,1.0762919020451467,0.9931866743712062,1.0016757757532628
LAO,27,1.2004263380631675,0.9969819220146561,1.0016757757532628
LAO,28,1.1812709875710383,0.998984519175687,1.0016757757532628
LAO,29T30,1.1217213083944046,1.0031354166765962,1.0016757757532628
LAO,31T33,0.6386244384004801,1.024249991989904,1.0016757757532628
LAO,35,0.32375111155141945,0.9867565685479001,1.0016757757532628
LAO,36T39,0.9350499677851971,0.9724690781612644,1.0016757757532628
LAO,41T43,0.9813880368529615,1.009654687342075,1.0016757757532628
LAO,45T47,1.002997378968897,0.9594216666127249,1.0016757757532628
LAO,49,1.046963281991519,0.9754578695472649,1.0016757757532628
LAO,50,0.5648234531280142,1.0140583386185957,1.0016757757532628
LAO,51,1.0391414479369396,0.951963833257754,1.0016757757532628
LAO,52,0.8910525147405078,1.0005288552403964,1.0016757757532628
LAO,53,1.0306619223545401,0.9548978783104796,1.0016757757532628
LAO,55T56,0.9994691361783409,1.0390535715469211,1.0016757757532628
LAO,58T60,0.9780601664286186,1.0285685794216275,1.0016757757532628
LAO,61,1.005440649228364,0.9562555369630737,1.0016757757532628
LAO,62T63,1.0111801772868534,0.9876390171531569,1.0016757757532628
LAO,64T66,1.0172193765944966,0.9362253313254821,1.0016757757532628
LAO,68,1.016323885281177,0.9365768881505685,1.0016757757532628
LAO,69T75,1.0185151240668087,0.9742584410528944,1.0016757757532628
LAO,77T82,1.0000057401124214,0.9814428886487558,1.0016757757532628
LAO,84,0.9956808246697104,0.9611935545967304,1.0016757757532628
LAO,85,1.0099758667294279,0.9553787413019109,1.0016757757532628
LAO,86T88,0.9968697487018013,0.9698506594612015,1.0016757757532628
LAO,90T93,1.0272155743769782,0.96752363767518,1.0016757757532628
LAO,94T98,1.0081350354187268,0.9510644346498804,1.0016757757532628
LTU,01T02,0.7059693201562751,1.05389494101593,1.0479581063195895
LTU,03,1.0254094269808565,1.0366432083859778,1.0479581063195895
LTU,05T06,0.6250682885938268,1.0383326823393704,1.0479581063195895
LTU,07T08,0.9936331960743942,1.0368723247781062,1.0479581063195895
LTU,10T12,1.0305561000173302,1.066228370292041,1.0479581063195895
LTU,13T15,1.0537117962316884,1.0303132351395763,1.0479581063195895
LTU,16,1.057802030932213,1.0608734261022417,1.0479581063195895
LTU,17T18,1.0425765115822323,1.0384661209965995,1.0479581063195895
LTU,19,1.019788909214836,1.0407232249509066,1.0479581063195895
LTU,20,0.6192528940268636,1.073115186955976,1.0479581063195895
LTU,21,1.0365868444945225,1.0296073115130682,1.0479581063195895
LTU,22,1.0606487638822313,1.0509471408751017,1.0479581063195895
LTU,23,0.9266750415621571,1.0360931068108163,1.0479581063195895
LTU,24,1.4346719086120194,1.0537113433319962,1.0479581063195895
LTU,25,1.0754074996107086,1.0391494712553573,1.0479581063195895
LTU,26,1.0472736267037468,1.0294077865430622,1.0479581063195895
LTU,27,1.0548580892843593,1.0416488564789086,1.0479581063195895
LTU,28,1.0333478044551325,1.0390747391679844,1.0479581063195895
LTU,29T30,1.0493755505994242,1.0382106511728952,1.0479581063195895
LTU,31T33,1.0861563126046652,1.0345842285297848,1.0479581063195895
LTU,35,1.0704745627597037,1.0329101744431226,1.0479581063195895
LTU,36T39,1.034293378560639,1.0297312299824621,1.0479581063195895
LTU,41T43,1.0409951529432218,1.0326888494065702,1.0479581063195895
LTU,45T47,1.01966364036984,1.0210869757216998,1.0479581063195895
LTU,49,1.005324382568138,1.0275516615847748,1.0479581063195895
LTU,50,0.889884075864979,1.0264345163730568,1.0479581063195895
LTU,51,1.2097282233375957,1.035097664657901,1.0479581063195895
LTU,52,0.9993867045151927,1.025086362055725,1.0479581063195895
LTU,53,1.0284006391673965,1.0225774801475649,1.0479581063195895
LTU,55T56,1.0377218612749592,1.0260766305094644,1.0479581063195895
LTU,58T60,1.0041322836140325,1.0288137824410004,1.0479581063195895
LTU,61,1.0241157662823086,1.0204989634129626,1.0479581063195895
LTU,62T63,1.015766955203595,1.0187613328110776,1.0479581063195895
LTU,64T66,1.0233749838606856,1.0172155503415894,1.0479581063195895
LTU,68,1.026949082269113,1.0232093853761335,1.0479581063195895
LTU,69T75,1.0095682193553475,1.0200019351909166,1.0479581063195895
LTU,77T82,1.0208518378753688,1.0230749794612144,1.0479581063195895
LTU,84,1.0431894488408988,1.0192921553076224,1.0479581063195895
LTU,85,1.0444342578843706,1.0173861368259356,1.0479581063195895
LTU,86T88,1.0451346889698832,1.0205093389393476,1.0479581063195895
LTU,90T93,1.0385304654099765,1.0216890191846857,1.0479581063195895
LTU,94T98,1.0358538267213295,1.020946333645795,1.0479581063195895
LVA,01T02,0.796039819543536,1.0753444924950426,1.0398781247430855
LVA,03,0.9761678836697188,1.032252469363782,1.0398781247430855
LVA,05T06,0.03059943923330107,1.0424583196339021,1.0398781247430855
LVA,07T08,0.9783656189876478,1.033697854649308,1.0398781247430855
LVA,10T12,1.0266724470941904,1.0688604788635838,1.0398781247430855
LVA,13T15,1.0251302964418356,1.0359432967133715,1.0398781247430855
LVA,16,0.9821958640282122,1.0807573909517263,1.0398781247430855
LVA,17T18,1.0682649206671142,1.0320814765626694,1.0398781247430855
LVA,19,0.1407261891571709,1.0294129754410004,1.0398781247430855
LVA,20,1.0938619774565963,1.0595943138241193,1.0398781247430855
LVA,21,1.0328822105056223,1.0259764661152295,1.0398781247430855
LVA,22,1.0796784482674169,1.0447483236091368,1.0398781247430855
LVA,23,0.8862087589293444,1.0387833966144706,1.0398781247430855
LVA,24,1.4560534786967811,1.0525110540207643,1.0398781247430855
LVA,25,1.0478844976380077,1.045728714523709,1.0398781247430855
LVA,26,1.0451370871817118,1.0279931160040081,1.0398781247430855
LVA,27,1.0602938659681538,1.0330923685595887,1.0398781247430855
LVA,28,1.0322815450899205,1.035736597485904,1.0398781247430855
LVA,29T30,1.0185910403662743,1.0472118120861937,1.0398781247430855
LVA,31T33,1.053231969422077,1.0386995141684616,1.0398781247430855
LVA,35,0.9785165737769563,1.0483856366293465,1.0398781247430855
LVA,36T39,1.0427325899886157,1.028645346304075,1.0398781247430855
LVA,41T43,1.0285020796437105,1.0404674728708807,1.0398781247430855
LVA,45T47,1.0096295760881795,1.0213560806761082,1.0398781247430855
LVA,49,0.9525298807274096,1.0294054910723196,1.0398781247430855
LVA,50,1.093692323505397,1.0284245898180175,1.0398781247430855
LVA,51,1.0315551493796244,1.040151982502771,1.0398781247430855
LVA,52,1.003452292791589,1.0241924901170654,1.0398781247430855
LVA,53,1.0296422611902802,1.0181888172065365,1.0398781247430855
LVA,55T56,1.0353216045883735,1.0276392268432832,1.0398781247430855
LVA,58T60,0.9871637996329368,1.0181489820948373,1.0398781247430855
LVA,61,1.0330739040712438,1.0154586024636287,1.0398781247430855
LVA,62T63,1.0169750370333732,1.0127070563868235,1.0398781247430855
LVA,64T66,1.0144127301416912,1.0127266502098164,1.0398781247430855
LVA,68,1.0293831111821181,1.0173816574252612,1.0398781247430855
LVA,69T75,1.017060357685533,1.015864211868022,1.0398781247430855
LVA,77T82,1.0120091402891418,1.026259939558481,1.0398781247430855
LVA,84,1.036200131941942,1.0162334410314644,1.0398781247430855
LVA,85,1.0369252327735383,1.0190628037152394,1.0398781247430855
LVA,86T88,1.0372532726119832,1.021323601190397,1.0398781247430855
LVA,90T93,1.0355163547385513,1.023855102201172,1.0398781247430855
LVA,94T98,1.0355385141308358,1.0226766231341198,1.0398781247430855
MAR,01T02,1.0071821962865315,1.0448900955551765,1.059757816719318
MAR,03,1.0325323341985728,1.0283133911759696,1.059757816719318
MAR,05T06,0.8991530133166808,1.0396916838676757,1.059757816719318
MAR,07T08,0.9245096605798998,1.0396733465225572,1.059757816719318
MAR,10T12,1.043646677929226,1.074195768695771,1.059757816719318
MAR,13T15,1.020440749310955,1.042507752957669,1.059757816719318
MAR,16,1.0862798181588846,1.054211669980449,1.059757816719318
MAR,17T18,1.0041413615099766,1.0485054721090834,1.059757816719318
MAR,19,0.947892954161711,1.0833280625046178,1.059757816719318
MAR,20,1.0849562082094237,1.048956562174132,1.059757816719318
MAR,21,1.042092238836274,1.0395174403139125,1.059757816719318
MAR,22,1.029992419921861,1.080964419529958,1.059757816719318
MAR,23,0.6722190572176586,1.0884476819707027,1.059757816719318
MAR,24,1.183315826872571,1.0639174875285393,1.059757816719318
MAR,25,1.0289650073534364,1.0625743813977446,1.059757816719318
MAR,26,1.0197600879308324,1.0526952947872277,1.059757816719318
MAR,27,1.0506494134159425,1.0485959495141781,1.059757816719318
MAR,28,1.0336722850253472,1.052754497285775,1.059757816719318
MAR,29T30,1.026466400918284,1.050142840619828,1.059757816719318
MAR,31T33,1.096079182065978,1.0401799203415396,1.059757816719318
MAR,35,0.682677922334214,1.0414211836940153,1.059757816719318
MAR,36T39,1.0206866358233426,1.032603978757813,1.059757816719318
MAR,41T43,1.0484353053246334,1.0950241252688269,1.059757816719318
MAR,45T47,1.0080487152214643,1.033916286505656,1.059757816719318
MAR,49,0.9381972521219161,1.038532346949431,1.059757816719318
MAR,50,0.9236298951700695,1.0590210203135217,1.059757816719318
MAR,51,0.7199072200005074,1.055081156091641,1.059757816719318
MAR,52,0.9876049670887287,1.0368698722517866,1.059757816719318
MAR,53,1.0258833962135212,1.0298580830902093,1.059757816719318
MAR,55T56,1.0350243942605153,1.0426826597375207,1.059757816719318
MAR,58T60,0.9561897693459809,1.0580485626767588,1.059757816719318
MAR,61,1.0309174250684048,1.0351077712629386,1.059757816719318
MAR,62T63,1.0496539868951191,1.0175585986994091,1.059757816719318
MAR,64T66,1.014766781939566,1.0213032781886258,1.059757816719318
MAR,68,1.046382750887636,1.0168061648972702,1.059757816719318
MAR,69T75,1.032070276289406,1.01819934156109,1.059757816719318
MAR,77T82,1.0249771661333633,1.0193375994913616,1.059757816719318
MAR,84,1.048971640091797,1.0331777028722284,1.059757816719318
MAR,85,1.0553253491579604,1.0256218689239245,1.059757816719318
MAR,86T88,1.0541385779668333,1.0294780202777383,1.059757816719318
MAR,90T93,1.027692948970588,1.0384667981088338,1.059757816719318
MAR,94T98,1.045003293672179,1.0269666927146408,1.059757816719318
MEX,01T02,0.8369072114585716,1.032519850418203,1.0335050214931931
MEX,03,1.0015186751868428,1.031308148218199,1.0335050214931931
MEX,05T06,0.8079379368162762,1.0251159160791654,1.0335050214931931
MEX,07T08,0.9800700227971554,1.0299864165235404,1.0335050214931931
MEX,10T12,1.032979509359087,1.0679152203378646,1.0335050214931931
MEX,13T15,1.0323472663681645,1.0397594582797098,1.0335050214931931
MEX,16,0.9770885394610325,1.07070517719528,1.0335050214931931
MEX,17T18,1.0041623117440772,1.0445807698231069,1.0335050214931931
MEX,19,0.9014459176667037,1.0818328051728672,1.0335050214931931
MEX,20,0.6370170760603147,1.0696560808104865,1.0335050214931931
MEX,21,0.9897126843057932,1.0507146608985563,1.0335050214931931
MEX,22,0.9176537536987509,1.070204410268827,1.0335050214931931
MEX,23,0.7012624526462224,1.0935426610138796,1.0335050214931931
MEX,24,1.0822150909522452,1.048632350393329,1.0335050214931931
MEX,25,1.025698071434941,1.056403433695131,1.0335050214931931
MEX,26,1.0359364854541815,1.0357828114481649,1.0335050214931931
MEX,27,1.0409887524045902,1.0498187362551283,1.0335050214931931
MEX,28,1.0438968270990512,1.0354236300002337,1.0335050214931931
MEX,29T30,1.035323278053914,1.0403127658110964,1.0335050214931931
MEX,31T33,0.9468202949469128,1.0420592719674173,1.0335050214931931
MEX,35,0.7201191215446351,1.0257123094992642,1.0335050214931931
MEX,36T39,1.0043233288043416,1.0679993458589052,1.0335050214931931
MEX,41T43,1.0293256459076061,1.0314054837891935,1.0335050214931931
MEX,45T47,1.021358925771018,1.0087435203189143,1.0335050214931931
MEX,49,0.9720310132907297,1.0221422065175925,1.0335050214931931
MEX,50,0.8552312406192916,1.0111999068321784,1.0335050214931931
MEX,51,1.0015360248475627,1.0402936913534089,1.0335050214931931
MEX,52,1.0116132503834292,1.016065154397718,1.0335050214931931
MEX,53,0.9959255385907314,1.022698442243264,1.0335050214931931
MEX,55T56,1.0441075556365258,1.019279125445558,1.0335050214931931
MEX,58T60,1.0318256014209493,1.0183257041941314,1.0335050214931931
MEX,61,1.0290793384824621,1.009561195765346,1.0335050214931931
MEX,62T63,1.0299298040821572,1.013294683146658,1.0335050214931931
MEX,64T66,1.033030417875701,1.0040878598417255,1.0335050214931931
MEX,68,1.0303206184470906,1.0013825369025973,1.0335050214931931
MEX,69T75,1.00719926536775,1.0096536239572727,1.0335050214931931
MEX,77T82,1.0036379926175725,1.008184907542869,1.0335050214931931
MEX,84,1.0294112624064884,1.01720859315229,1.0335050214931931
MEX,85,1.0336805896790704,1.0073483451859515,1.0335050214931931
MEX,86T88,1.0318355479061836,1.0186875388977215,1.0335050214931931
MEX,90T93,1.034663927878897,1.014172892925541,1.0335050214931931
MEX,94T98,1.0296630015330017,1.0082712310397124,1.0335050214931931
MLT,01T02,1.1471049875245842,1.0393169875390633,1.0561057416126327
MLT,03,1.0253664462708403,1.06580825405443,1.0561057416126327
MLT,05T06,0.9375680350426542,1.0530856760062892,1.0561057416126327
MLT,07T08,1.041125539770107,1.0416197858736604,1.0561057416126327
MLT,10T12,1.0823125155876243,1.053573438585552,1.0561057416126327
MLT,13T15,0.97706825838738,1.057827601449111,1.0561057416126327
MLT,16,1.0619485581335608,1.0462726270657121,1.0561057416126327
MLT,17T18,1.0915473240989222,1.04737643765463,1.0561057416126327
MLT,19,1.0201307784239069,1.062646378227206,1.0561057416126327
MLT,20,1.1178467434602313,1.0557964380128488,1.0561057416126327
MLT,21,1.0009680085495736,1.058718447661826,1.0561057416126327
MLT,22,1.0878095473899072,1.0469798486586075,1.0561057416126327
MLT,23,1.1216306362264956,1.0564242475931493,1.0561057416126327
MLT,24,1.3732628890709246,1.0487052258311462,1.0561057416126327
MLT,25,1.0079269520133547,1.0587253420539862,1.0561057416126327
MLT,26,1.0104917860120588,1.0585881912555752,1.0561057416126327
MLT,27,1.0371847598457897,1.0529174897461366,1.0561057416126327
MLT,28,1.0222094098011365,1.05470929256273,1.0561057416126327
MLT,29T30,1.039983782571494,1.0410977933213468,1.0561057416126327
MLT,31T33,1.0500374147272118,1.0449886722750088,1.0561057416126327
MLT,35,0.8929182754947043,1.1158290094749357,1.0561057416126327
MLT,36T39,1.0385282749782978,1.053921410840486,1.0561057416126327
MLT,41T43,1.0412163907555079,1.0465923623156776,1.0561057416126327
MLT,45T47,1.0210352725093974,1.0427310864660873,1.0561057416126327
MLT,49,1.0186797227046822,1.0418618336017216,1.0561057416126327
MLT,50,0.40011604228814673,1.0430996441992586,1.0561057416126327
MLT,51,1.0396058070329348,1.0497519831256406,1.0561057416126327
MLT,52,0.971549570020224,1.0421141985540254,1.0561057416126327
MLT,53,0.9992979383838336,1.0736195570683487,1.0561057416126327
MLT,55T56,1.032351332658046,1.044942826565673,1.0561057416126327
MLT,58T60,1.0103315964739086,1.0308906425817708,1.0561057416126327
MLT,61,1.0179980896577858,1.0287683209395437,1.0561057416126327
MLT,62T63,0.9957085695474683,1.0347093487211858,1.0561057416126327
MLT,64T66,1.0026623186698305,1.0378581138691632,1.0561057416126327
MLT,68,1.03250671353217,1.0318558044819224,1.0561057416126327
MLT,69T75,1.0025527962668297,1.034054996617946,1.0561057416126327
MLT,77T82,1.000243450785551,1.0399587080987922,1.0561057416126327
MLT,84,1.0487278913477447,1.0304953910669277,1.0561057416126327
MLT,85,1.0484324575255097,1.0261806115154493,1.0561057416126327
MLT,86T88,1.05171584628882,1.0355491795210614,1.0561057416126327
MLT,90T93,1.023517605711256,1.025828491265956,1.0561057416126327
MLT,94T98,1.0391065705989,1.0353084736732276,1.0561057416126327
MMR,01T02,0.5505472640465989,1.1134321921920367,1.019988823395603
MMR,03,1.0077024421922136,0.8848149920421278,1.019988823395603
MMR,05T06,0.7483707329032763,0.9662792556727622,1.019988823395603
MMR,07T08,1.0805374414191353,0.9809491162421895,1.019988823395603
MMR,10T12,0.8487580017177447,1.1821445210684298,1.019988823395603
MMR,13T15,1.1201013212826592,1.0095912429993414,1.019988823395603
MMR,16,0.899717037814271,1.0863522901246494,1.019988823395603
MMR,17T18,1.079130745990642,1.0003923095649072,1.019988823395603
MMR,19,0.9125346451215006,1.023762007815706,1.019988823395603
MMR,20,0.9816982720610864,1.0682924711612425,1.019988823395603
MMR,21,0.9749063075588755,1.0479725998279645,1.019988823395603
MMR,22,1.0420655406507673,1.0563954865514853,1.019988823395603
MMR,23,0.9172679417485585,0.9942635994263253,1.019988823395603
MMR,24,1.7534404802093566,1.0030604519077424,1.019988823395603
MMR,25,1.1360749560246244,0.9841032064710377,1.019988823395603
MMR,26,1.0575665028172596,0.971989647802342,1.019988823395603
MMR,27,1.1245317084938868,0.9855342177149,1.019988823395603
MMR,28,1.116907126906982,0.974839447003126,1.019988823395603
MMR,29T30,1.1384555183513356,0.9724861172017998,1.019988823395603
MMR,31T33,1.0760348768602803,0.9903990986865013,1.019988823395603
MMR,35,0.4765780857640845,1.0514079031456434,1.019988823395603
MMR,36T39,1.024394765834275,0.9772235418544267,1.019988823395603
MMR,41T43,0.95992709648444,1.0012667890892215,1.019988823395603
MMR,45T47,0.9547499957667809,1.0002882497924006,1.019988823395603
MMR,49,0.9274363056555417,0.9579141055327562,1.019988823395603
MMR,50,0.971513208000154,1.00767796859994,1.019988823395603
MMR,51,1.0922917726895311,0.976813303136247,1.019988823395603
MMR,52,0.991643671035161,0.9721046078323977,1.019988823395603
MMR,53,1.033315492927637,0.9324915988834984,1.019988823395603
MMR,55T56,1.027525594515173,1.0220888255967415,1.019988823395603
MMR,58T60,1.1412484581146838,0.9588713387462482,1.019988823395603
MMR,61,1.0444491685765294,0.9152636318173221,1.019988823395603
MMR,62T63,1.241079832490661,0.9318232612700832,1.019988823395603
MMR,64T66,1.0066807966663054,0.9098704992878776,1.019988823395603
MMR,68,1.0340680724831466,0.9214873376946204,1.019988823395603
MMR,69T75,1.1461375925485147,0.9454883271638066,1.019988823395603
MMR,77T82,1.040596849011195,0.9612825242168177,1.019988823395603
MMR,84,1.0145142677460073,0.9684951557666482,1.019988823395603
MMR,85,1.0178540539760381,0.9737600056831863,1.019988823395603
MMR,86T88,1.0169743843065653,0.9840180610278613,1.019988823395603
MMR,90T93,1.0101411306627999,1.026081336474389,1.019988823395603
MMR,94T98,1.0144125540212303,1.0087078557998423,1.019988823395603
NLD,01T02,1.1411927214891002,1.0597092767963479,1.0536256120798604
NLD,03,0.9156236137862418,1.039964068285653,1.0536256120798604
NLD,05T06,0.9214715001813312,1.0530637828446965,1.0536256120798604
NLD,07T08,1.0085343577436297,1.0633351771712245,1.0536256120798604
NLD,10T12,1.0480815150452047,1.0682255889525945,1.0536256120798604
NLD,13T15,0.9849418860203334,1.0536305530952945,1.0536256120798604
NLD,16,1.098208447598584,1.0484077356305939,1.0536256120798604
NLD,17T18,1.041224190032394,1.0452718680343311,1.0536256120798604
NLD,19,0.9865386619574249,1.0642357464699375,1.0536256120798604
NLD,20,0.9460469531138149,1.0609871030581777,1.0536256120798604
NLD,21,0.9990756032004174,1.0396360184407594,1.0536256120798604
NLD,22,1.0795291661188016,1.0547220521377942,1.0536256120798604
NLD,23,1.1088070419304672,1.0519271437238409,1.0536256120798604
NLD,24,0.9631573483981535,1.0687953650540778,1.0536256120798604
NLD,25,1.0485395825340842,1.0540507083135282,1.0536256120798604
NLD,26,1.0439183696305379,1.0370449112315747,1.0536256120798604
NLD,27,1.0559023713240747,1.0436080877432923,1.0536256120798604
NLD,28,1.0448204793745925,1.042691254860951,1.0536256120798604
NLD,29T30,1.0422743569862707,1.04404627663565,1.0536256120798604
NLD,31T33,1.0555585733673853,1.0420593294278164,1.0536256120798604
NLD,35,0.8098121769944177,1.0605593307761794,1.0536256120798604
NLD,36T39,1.0382959874013098,1.0402621127532101,1.0536256120798604
NLD,41T43,1.0438392606828293,1.0458290034552775,1.0536256120798604
NLD,45T47,1.0270961413817061,1.0353556539661857,1.0536256120798604
NLD,49,1.0239561394166845,1.0416968077031363,1.0536256120798604
NLD,50,0.868893952846808,1.060476373858578,1.0536256120798604
NLD,51,0.9723873830857743,1.0456548497750167,1.0536256120798604
NLD,52,1.0132007608889368,1.0376349390206006,1.0536256120798604
NLD,53,1.0304868496488149,1.0343097060192248,1.0536256120798604
NLD,55T56,1.041208463002142,1.0433097544396288,1.0536256120798604
NLD,58T60,1.0136482782434417,1.0345464993834361,1.0536256120798604
NLD,61,1.0230898214418815,1.035372033948712,1.0536256120798604
NLD,62T63,1.0149319789800137,1.0326206511266285,1.0536256120798604
NLD,64T66,1.0311770917336205,1.0318305555196554,1.0536256120798604
NLD,68,1.0469495542338731,1.034674919239723,1.0536256120798604
NLD,69T75,1.0155140141206112,1.0339383186559215,1.0536256120798604
NLD,77T82,1.017740169173272,1.0342073676049799,1.0536256120798604
NLD,84,1.049261218640182,1.0345578098565165,1.0536256120798604
NLD,85,1.0489023205980026,1.0335354728465767,1.0536256120798604
NLD,86T88,1.0518381832103072,1.0348777532566356,1.0536256120798604
NLD,90T93,1.0395581676581724,1.0404565763327172,1.0536256120798604
NLD,94T98,1.044612131875123,1.0382743970208812,1.0536256120798604
NOR,01T02,0.9857329949234774,1.043498820143207,1.033833960894861
NOR,03,1.0355298188353073,1.0323632910587885,1.033833960894861
NOR,05T06,0.9708842552423981,1.024023785961743,1.033833960894861
NOR,07T08,1.0271607747707419,1.038757922029721,1.033833960894861
NOR,10T12,1.049766514790605,1.0576230127356074,1.033833960894861
NOR,13T15,1.0546917559697342,1.0342841074060245,1.033833960894861
NOR,16,1.0868059384869144,1.0498782989713364,1.033833960894861
NOR,17T18,1.0393146170803762,1.044822340747513,1.033833960894861
NOR,19,0.9594453189146835,1.0561568068881213,1.033833960894861
NOR,20,0.9102008761472297,1.044975598780119,1.033833960894861
NOR,21,0.9675605945961882,1.0336671528502976,1.033833960894861
NOR,22,1.0820254454179536,1.0470377007321294,1.033833960894861
NOR,23,1.033390877643771,1.0500148601215766,1.033833960894861
NOR,24,0.9882724146031285,1.068001079442779,1.033833960894861
NOR,25,1.0395678861439395,1.0508101307188145,1.033833960894861
NOR,26,1.0383771172183327,1.031447563639599,1.033833960894861
NOR,27,1.0423436799241905,1.0451013514733403,1.033833960894861
NOR,28,1.0324877045545267,1.039707781602712,1.033833960894861
NOR,29T30,1.0239837198647046,1.0419618141844382,1.033833960894861
NOR,31T33,1.0473586044199819,1.0361542351179889,1.033833960894861
NOR,35,1.075357036363124,1.021416623416568,1.033833960894861
NOR,36T39,1.0234506680572986,1.031244682486876,1.033833960894861
NOR,41T43,1.0310577902700913,1.0342551352131475,1.033833960894861
NOR,45T47,1.0225273318869648,1.0291313652784084,1.033833960894861
NOR,49,1.0337254470225379,1.0377735200525484,1.033833960894861
NOR,50,0.8993703040592926,1.0626785467962985,1.033833960894861
NOR,51,0.9255648332069897,1.0423884560675218,1.033833960894861
NOR,52,1.0165354637605042,1.0347808466372763,1.033833960894861
NOR,53,1.0281856084053294,1.0295707122767235,1.033833960894861
NOR,55T56,1.0366431887056213,1.0313725038676655,1.033833960894861
NOR,58T60,1.020767782561753,1.029746612081367,1.033833960894861
NOR,61,1.0245221734787284,1.0227077706893202,1.033833960894861
NOR,62T63,1.0237272044858812,1.0236862743693345,1.033833960894861
NOR,64T66,1.0200197282268075,1.0193857009395892,1.033833960894861
NOR,68,1.031901514143452,1.0222405734553686,1.033833960894861
NOR,69T75,1.0192239749351657,1.0244028945048842,1.033833960894861
NOR,77T82,1.0169056579638842,1.0306663570609695,1.033833960894861
NOR,84,1.0315336741578836,1.0267101597253638,1.033833960894861
NOR,85,1.0335068902322835,1.0200293596652033,1.033833960894861
NOR,86T88,1.0332716288064525,1.0210856341351302,1.033833960894861
NOR,90T93,1.0316872458671944,1.0274857793100183,1.033833960894861
NOR,94T98,1.0310477295785412,1.0255065697117294,1.033833960894861
NZL,01T02,0.7563194663517067,1.0538473268850401,1.028360956895176
NZL,03,0.9693015652042768,1.0229928101617554,1.028360956895176
NZL,05T06,0.8725322023221926,1.0336707564173686,1.028360956895176
NZL,07T08,1.002723285643742,1.00164566790455,1.028360956895176
NZL,10T12,0.9624903607487333,1.1015491924371312,1.028360956895176
NZL,13T15,1.0197184015486231,1.0426038555911517,1.028360956895176
NZL,16,1.0226241473068187,1.0570176583614028,1.028360956895176
NZL,17T18,1.0108562984253453,1.0396292756619705,1.028360956895176
NZL,19,1.0001495649415206,1.0528994741396966,1.028360956895176
NZL,20,0.8448171400098168,1.0437847458658354,1.028360956895176
NZL,21,0.903881308609249,1.0342682374921184,1.028360956895176
NZL,22,1.0152328583861518,1.0322416703815693,1.028360956895176
NZL,23,1.0656580112702596,1.0251729513688914,1.028360956895176
NZL,24,0.9623600590007816,1.034066181616656,1.028360956895176
NZL,25,1.0448473588459684,1.0390202884600692,1.028360956895176
NZL,26,1.0408798965090693,1.0231199854811657,1.028360956895176
NZL,27,1.0850656980879338,1.0232880135499307,1.028360956895176
NZL,28,1.0377470058106115,1.034149909998539,1.028360956895176
NZL,29T30,1.0743969068868382,1.0207895331651848,1.028360956895176
NZL,31T33,1.07605707678165,1.0208171883589994,1.028360956895176
NZL,35,0.9696813755161043,1.029005135008857,1.028360956895176
NZL,36T39,1.0006369155122325,1.007395654448247,1.028360956895176
NZL,41T43,1.0153150923109089,1.023194299563771,1.028360956895176
NZL,45T47,1.0111083077478593,1.0098519945038258,1.028360956895176
NZL,49,0.9810070313261331,1.0181502969227243,1.028360956895176
NZL,50,0.9158845739126863,1.0203125047256836,1.028360956895176
NZL,51,0.9466927746676556,1.0195614580423327,1.028360956895176
NZL,52,1.003725003047984,1.0062057865341947,1.028360956895176
NZL,53,1.013715995082557,1.0146152810830853,1.028360956895176
NZL,55T56,1.0392033688226392,1.0213455305282266,1.028360956895176
NZL,58T60,1.027127277127578,1.0101354345099376,1.028360956895176
NZL,61,1.0281994201154794,1.0072700128835108,1.028360956895176
NZL,62T63,1.0258042393895992,1.0030812582648083,1.028360956895176
NZL,64T66,1.0095575296686872,1.0017822009181168,1.028360956895176
NZL,68,1.0213261330159615,1.0037405981341583,1.028360956895176
NZL,69T75,1.0064723922270922,1.0072040013404773,1.028360956895176
NZL,77T82,0.998956896456736,1.0085376522285758,1.028360956895176
NZL,84,1.024853322158633,1.0079049052090092,1.028360956895176
NZL,85,1.0258076618024095,1.0035565018921582,1.028360956895176
NZL,86T88,1.0275236434102557,1.008862953411915,1.028360956895176
NZL,90T93,1.0248544794825791,1.0114470388728538,1.028360956895176
NZL,94T98,1.0164224658860932,1.0065473311460063,1.028360956895176
PER,01T02,0.4957938762025124,1.0536804648419276,1.0657143375086795
PER,03,1.0256921560764163,1.0332042823505894,1.0657143375086795
PER,05T06,0.9404880503298998,1.0351343538479107,1.0657143375086795
PER,07T08,1.0837747452943558,1.0287664099103175,1.0657143375086795
PER,10T12,1.0246090204171605,1.1548119685997325,1.0657143375086795
PER,13T15,1.0233007445363396,1.0602035979275364,1.0657143375086795
PER,16,0.9710696617799534,1.0976610228184818,1.0657143375086795
PER,17T18,1.0627083183186559,1.0316854955465529,1.0657143375086795
PER,19,1.0547911886419763,1.0709909761000742,1.0657143375086795
PER,20,1.1099434570155355,1.043354416576952,1.0657143375086795
PER,21,1.0720652999239273,1.034316697318354,1.0657143375086795
PER,22,0.9324192186300222,1.0497653520034798,1.0657143375086795
PER,23,1.052388806439126,1.0535237727304383,1.0657143375086795
PER,24,1.538514458726517,1.0515251163633264,1.0657143375086795
PER,25,1.0839265915994927,1.0374485032715963,1.0657143375086795
PER,26,1.0663277243089773,1.0309602108927034,1.0657143375086795
PER,27,1.090894479059322,1.0336562676232601,1.0657143375086795
PER,28,1.0697305270206232,1.0336260758409401,1.0657143375086795
PER,29T30,1.0813016721848923,1.029475082417336,1.0657143375086795
PER,31T33,0.8882406618002906,1.0591001566193106,1.0657143375086795
PER,35,0.944217812685633,1.0407550901342884,1.0657143375086795
PER,36T39,1.0860398166963892,1.028828449425431,1.0657143375086795
PER,41T43,1.0609718221839575,1.043393695049212,1.0657143375086795
PER,45T47,1.0378422302253425,1.0221234377766175,1.0657143375086795
PER,49,1.0262685313230453,1.033410536245189,1.0657143375086795
PER,50,0.862619402367779,1.0347161669156582,1.0657143375086795
PER,51,1.0682234286848051,1.0450033604302318,1.0657143375086795
PER,52,1.0268583040086503,1.031617696540036,1.0657143375086795
PER,53,1.0359497750257955,1.0292880680805492,1.0657143375086795
PER,55T56,1.050585593907962,1.0625272149012588,1.0657143375086795
PER,58T60,1.0587671286474527,1.02236207536196,1.0657143375086795
PER,61,1.0616911631580914,1.0228165208785942,1.0657143375086795
PER,62T63,1.0644062255593316,1.019037079534465,1.0657143375086795
PER,64T66,1.076253591003984,1.018253673337744,1.0657143375086795
PER,68,1.0583576780512869,1.017184832851622,1.0657143375086795
PER,69T75,1.0562132573360627,1.0221034132990099,1.0657143375086795
PER,77T82,1.0791476135366056,1.0201251012759016,1.0657143375086795
PER,84,1.0573372920118589,1.027350087684921,1.0657143375086795
PER,85,1.0640320776884795,1.0173531237489715,1.0657143375086795
PER,86T88,1.0621981081003884,1.0211479678814794,1.0657143375086795
PER,90T93,1.0566126231218445,1.0361296994494873,1.0657143375086795
PER,94T98,1.0636780997760127,1.0204338822558205,1.0657143375086795
PHL,01T02,0.935907750092858,1.0302603121228933,1.0493863867815372
PHL,03,1.0346940055621625,1.0204532684359324,1.0493863867815372
PHL,05T06,0.7024224968742205,1.0206011652348101,1.0493863867815372
PHL,07T08,0.909218894701506,1.021641805619244,1.0493863867815372
PHL,10T12,1.048360668236788,1.0602584734600007,1.0493863867815372
PHL,13T15,1.0562203262764194,1.036395044586317,1.0493863867815372
PHL,16,1.0231167595045159,1.0580623810963827,1.0493863867815372
PHL,17T18,0.8529040993967053,1.065498837531415,1.0493863867815372
PHL,19,0.9868801806996489,1.0550680237378467,1.0493863867815372
PHL,20,1.0901015447570002,1.0469056692362038,1.0493863867815372
PHL,21,1.0145335533425992,1.0507115710182207,1.0493863867815372
PHL,22,1.083298825511934,1.0545866603954202,1.0493863867815372
PHL,23,0.7172016370517813,1.0613653879037939,1.0493863867815372
PHL,24,1.2048997049286945,1.0757325350680043,1.0493863867815372
PHL,25,1.0481081726911246,1.0745113681903375,1.0493863867815372
PHL,26,1.0273803351263329,1.0452763710765869,1.0493863867815372
PHL,27,1.0660306216995274,1.0428022879909729,1.0493863867815372
PHL,28,1.038433820045795,1.0477625879075445,1.0493863867815372
PHL,29T30,1.02956463663839,1.0487276515025215,1.0493863867815372
PHL,31T33,1.0534497063536985,1.0472193388171147,1.0493863867815372
PHL,35,0.7790971570793596,1.0479343326171682,1.0493863867815372
PHL,36T39,1.0328866960796008,1.0377701164648754,1.0493863867815372
PHL,41T43,1.036673184384244,1.0664304092803845,1.0493863867815372
PHL,45T47,1.0160527303513407,1.0326641389516702,1.0493863867815372
PHL,49,0.9799695633404862,1.040789777268295,1.0493863867815372
PHL,50,0.7647134656836897,1.0320034630099952,1.0493863867815372
PHL,51,0.8806464071893048,1.0382266209724802,1.0493863867815372
PHL,52,1.004590841804484,1.032275925164798,1.0493863867815372
PHL,53,1.0334562322802716,1.0278066066017275,1.0493863867815372
PHL,55T56,1.0328820860407593,1.0491856634616854,1.0493863867815372
PHL,58T60,0.9696533153385798,1.047270753712777,1.0493863867815372
PHL,61,1.034817102692733,1.0253333122624113,1.0493863867815372
PHL,62T63,0.9864227408834136,1.0304915172751647,1.0493863867815372
PHL,64T66,1.0163499572090713,1.0171060369382785,1.0493863867815372
PHL,68,1.0396351546462776,1.0207246441655595,1.0493863867815372
PHL,69T75,1.0080571687013178,1.0262979018135738,1.0493863867815372
PHL,77T82,1.0137537278429667,1.026950351167852,1.0493863867815372
PHL,84,1.0445583758749093,1.018715762298281,1.0493863867815372
PHL,85,1.0380853129874978,1.018838788727764,1.0493863867815372
PHL,86T88,1.0379762213852328,1.035827818005576,1.0493863867815372
PHL,90T93,1.0299446573561077,1.0352022892279855,1.0493863867815372
PHL,94T98,1.0404748307835365,1.0314225931134533,1.0493863867815372
POL,01T02,0.8617357793725986,1.0651142491092274,1.0528336287672164
POL,03,1.0074938378929725,1.0354312182553151,1.0528336287672164
POL,05T06,0.6044733217400918,1.03488167278974,1.0528336287672164
POL,07T08,0.9163298287377191,1.0575331598735351,1.0528336287672164
POL,10T12,1.0183367872534388,1.074251594456588,1.0528336287672164
POL,13T15,1.0413915816331236,1.0371915824703246,1.0528336287672164
POL,16,1.0114181560525035,1.0639417625560375,1.0528336287672164
POL,17T18,1.0211181878256572,1.0468039713195731,1.0528336287672164
POL,19,0.9342662417515109,1.058997916213055,1.0528336287672164
POL,20,0.8429728175345811,1.0631824729368111,1.0528336287672164
POL,21,0.9950227250543332,1.0221236058497758,1.0528336287672164
POL,22,1.059056474676501,1.0547129288977832,1.0528336287672164
POL,23,0.8963970244043008,1.0683983047242738,1.0528336287672164
POL,24,0.9152520928583111,1.0914777176586339,1.0528336287672164
POL,25,1.034616181267188,1.05353925669416,1.0528336287672164
POL,26,1.034491519237765,1.041732075417054,1.0528336287672164
POL,27,1.0382329003221806,1.0511254894956332,1.0528336287672164
POL,28,1.027655815634323,1.047204614480356,1.0528336287672164
POL,29T30,1.0379841457192573,1.043538416314158,1.0528336287672164
POL,31T33,1.0667966558755169,1.0399092871916935,1.0528336287672164
POL,35,0.6879229701774987,1.0597910672446986,1.0528336287672164
POL,36T39,1.0115939405406171,1.0413941971235254,1.0528336287672164
POL,41T43,1.0239616974181938,1.041469033560294,1.0528336287672164
POL,45T47,1.021189944498826,1.0248804585686706,1.0528336287672164
POL,49,0.9595851492286367,1.0364171916815181,1.0528336287672164
POL,50,1.073360429620085,1.0330463963791499,1.0528336287672164
POL,51,1.0733408050936208,1.035348588367829,1.0528336287672164
POL,52,1.0083851081947648,1.0358716857566348,1.0528336287672164
POL,53,1.0317776741424924,1.0289314203746807,1.0528336287672164
POL,55T56,1.038962843744146,1.0398934751742708,1.0528336287672164
POL,58T60,1.0421460655107455,1.0232106533359344,1.0528336287672164
POL,61,1.0369758593421228,1.023917538996896,1.0528336287672164
POL,62T63,1.0372427056404605,1.016153608941174,1.0528336287672164
POL,64T66,1.0274962085886066,1.0184842799822331,1.0528336287672164
POL,68,1.031669144128327,1.066717513582904,1.0528336287672164
POL,69T75,1.030576434300319,1.0194775304468144,1.0528336287672164
POL,77T82,1.0198205778343574,1.0296642534128904,1.0528336287672164
POL,84,1.0483360826817063,1.017357905668831,1.0528336287672164
POL,85,1.0493487305202087,1.020697955184569,1.0528336287672164
POL,86T88,1.0491883935139523,1.026955604745769,1.0528336287672164
POL,90T93,1.0440927041464416,1.037238213408864,1.0528336287672164
POL,94T98,1.0400652754387656,1.0256824533392523,1.0528336287672164
PRT,01T02,1.031026840427596,1.0569496253763342,1.0508254920320763
PRT,03,0.9897149763947398,1.040274546525258,1.0508254920320763
PRT,05T06,0.34350485813559767,1.0595070083257299,1.0508254920320763
PRT,07T08,0.9820573873371515,1.0528873322119245,1.0508254920320763
PRT,10T12,1.039334658794204,1.0736491683914435,1.0508254920320763
PRT,13T15,1.0238272503899524,1.0416223667653741,1.0508254920320763
PRT,16,1.0187995784568251,1.0665040343891077,1.0508254920320763
PRT,17T18,0.9833269502808304,1.0633844914926127,1.0508254920320763
PRT,19,0.9744834685027011,1.0734171346854713,1.0508254920320763
PRT,20,0.9755874796946571,1.0680322483826046,1.0508254920320763
PRT,21,1.0151876029056552,1.0452575554163537,1.0508254920320763
PRT,22,1.0620406622048648,1.0579452686421171,1.0508254920320763
PRT,23,0.9025735244867834,1.0654368664068017,1.0508254920320763
PRT,24,1.1723169168990497,1.0721930534927324,1.0508254920320763
PRT,25,1.0322662597295669,1.0547852938577575,1.0508254920320763
PRT,26,1.0307844754458297,1.0437314670156215,1.0508254920320763
PRT,27,1.0300169333470766,1.0567957219469923,1.0508254920320763
PRT,28,1.0218459853735327,1.0537178820980244,1.0508254920320763
PRT,29T30,1.0351578865586188,1.0476020760757114,1.0508254920320763
PRT,31T33,1.0579128007131118,1.0461037199293608,1.0508254920320763
PRT,35,0.8975460237442012,1.1117828100805056,1.0508254920320763
PRT,36T39,1.0605731204402493,1.0473905588748091,1.0508254920320763
PRT,41T43,1.0410189527382347,1.0548795412019885,1.0508254920320763
PRT,45T47,1.0235201751129908,1.0369755624149712,1.0508254920320763
PRT,49,0.9580965579017492,1.0445331985515687,1.0508254920320763
PRT,50,0.8086586181759802,1.0466917596822136,1.0508254920320763
PRT,51,0.9762238537981193,1.0455165524545085,1.0508254920320763
PRT,52,1.013983056834583,1.0359537736901434,1.0508254920320763
PRT,53,1.0310332027477775,1.0331254132472838,1.0508254920320763
PRT,55T56,1.0353304138126251,1.045307520875681,1.0508254920320763
PRT,58T60,1.0213512106325393,1.0364696173597605,1.0508254920320763
PRT,61,1.033342460753407,1.0350582894715072,1.0508254920320763
PRT,62T63,1.0247792906040618,1.0320442173413926,1.0508254920320763
PRT,64T66,1.0327078686249342,1.0300664571050273,1.0508254920320763
PRT,68,1.04713522417322,1.0298505049286755,1.0508254920320763
PRT,69T75,1.0217208259383028,1.0338208977584082,1.0508254920320763
PRT,77T82,1.0220138502452536,1.0337513006167365,1.0508254920320763
PRT,84,1.045933570068791,1.0348118666156048,1.0508254920320763
PRT,85,1.0485500936222694,1.030750158925113,1.0508254920320763
PRT,86T88,1.0477883554339906,1.0378685053552386,1.0508254920320763
PRT,90T93,1.0403401804999735,1.0378471781936338,1.0508254920320763
PRT,94T98,1.0458928427528253,1.0362045715534718,1.0508254920320763
ROU,01T02,0.9678170677052604,1.0571196838369405,1.0499319936319262
ROU,03,1.0501020363703968,1.0452826276646852,1.0499319936319262
ROU,05T06,0.7892812661566989,1.0450632649895277,1.0499319936319262
ROU,07T08,0.8678583204856017,1.04658307844484,1.0499319936319262
ROU,10T12,1.0489353470200096,1.0627704653463557,1.0499319936319262
ROU,13T15,1.0450090960784915,1.0370497350559293,1.0499319936319262
ROU,16,1.02338302893467,1.062137705628074,1.0499319936319262
ROU,17T18,1.024708590030984,1.0460416722101944,1.0499319936319262
ROU,19,0.9797141200795024,1.0665219675039614,1.0499319936319262
ROU,20,0.5977492269845733,1.0703021174971894,1.0499319936319262
ROU,21,0.8751556962573467,1.0423875725562426,1.0499319936319262
ROU,22,1.0480830329374016,1.0564105260283576,1.0499319936319262
ROU,23,0.7970046351756037,1.0573503176699248,1.0499319936319262
ROU,24,0.9015002585019762,1.0679381217916044,1.0499319936319262
ROU,25,1.0031416032023068,1.053699485403054,1.0499319936319262
ROU,26,1.0327336404268237,1.0433901886481922,1.0499319936319262
ROU,27,1.0391109075819709,1.0484802731280776,1.0499319936319262
ROU,28,1.0172827956234973,1.0547157218233618,1.0499319936319262
ROU,29T30,1.0252541201230834,1.0485711176338999,1.0499319936319262
ROU,31T33,1.065437598434207,1.04195372012443,1.0499319936319262
ROU,35,0.8767324867223819,1.0712459950387065,1.0499319936319262
ROU,36T39,1.0392617974007015,1.042540242224636,1.0499319936319262
ROU,41T43,1.0395842514524527,1.0621475371547278,1.0499319936319262
ROU,45T47,1.0175347501130716,1.0344976444090823,1.0499319936319262
ROU,49,1.0209024868391308,1.038217974922516,1.0499319936319262
ROU,50,1.1043426076230272,1.0346453908717792,1.0499319936319262
ROU,51,1.030645548776881,1.0410049880987218,1.0499319936319262
ROU,52,1.0176327008914614,1.0342903859900465,1.0499319936319262
ROU,53,1.0245530617954117,1.0340310954801748,1.0499319936319262
ROU,55T56,1.0380516141841902,1.0357898145437405,1.0499319936319262
ROU,58T60,1.0340432217113553,1.0291465507376498,1.0499319936319262
ROU,61,1.0293921478596624,1.035415327744602,1.0499319936319262
ROU,62T63,1.0172347617825417,1.0265934925,1.0499319936319262
ROU,64T66,1.0195220704605226,1.0241745320747873,1.0499319936319262
ROU,68,1.042241886265474,1.022470981474137,1.0499319936319262
ROU,69T75,1.0189616311299574,1.0321095683586277,1.0499319936319262
ROU,77T82,1.0225956614490144,1.031969266265873,1.0499319936319262
ROU,84,1.0462565011927332,1.0215119011942388,1.0499319936319262
ROU,85,1.042728024756949,1.0225264422154499,1.0499319936319262
ROU,86T88,1.0460778449276522,1.0281059953871154,1.0499319936319262
ROU,90T93,1.044396921499282,1.0313587455993505,1.0499319936319262
ROU,94T98,1.0400605899006896,1.0314413694335671,1.0499319936319262
ROW,01T02,0.6952717092079989,1.0166671580957722,1.0168739579631962
ROW,03,1.0062309052938077,0.9674510568809164,1.0168739579631962
ROW,05T06,0.7840507255686101,0.9806192155170823,1.0168739579631962
ROW,07T08,1.0141077840306716,0.9755708429127434,1.0168739579631962
ROW,10T12,0.9950628300317342,1.0845357841432928,1.0168739579631962
ROW,13T15,1.1118669785841544,0.9964792571179483,1.0168739579631962
ROW,16,1.005809197021151,1.0409336232545148,1.0168739579631962
ROW,17T18,1.0376266084507275,1.0210976284399598,1.0168739579631962
ROW,19,0.9411594142884118,1.0337037091348769,1.0168739579631962
ROW,20,0.7973352479258081,1.03401717701085,1.0168739579631962
ROW,21,1.0352527082959688,0.99516395345421,1.0168739579631962
ROW,22,0.6579806761781074,1.0483179539155598,1.0168739579631962
ROW,23,0.7853027927158435,1.024874817517234,1.0168739579631962
ROW,24,1.1439243938314818,1.0378425401871636,1.0168739579631962
ROW,25,1.0728332474489786,1.018292927775014,1.0168739579631962
ROW,26,1.0520066524990725,1.0009848760750604,1.0168739579631962
ROW,27,1.0627023912654714,1.0208130914851161,1.0168739579631962
ROW,28,1.057448041097343,1.0082858215737849,1.0168739579631962
ROW,29T30,1.0867156804844214,1.0020671679979816,1.0168739579631962
ROW,31T33,0.7344203611494896,1.0030378738673853,1.0168739579631962
ROW,35,0.6717612326227896,1.0405306441883584,1.0168739579631962
ROW,36T39,0.9987684152564239,0.9867122247407359,1.0168739579631962
ROW,41T43,1.0088454280202952,1.0090293428948915,1.0168739579631962
ROW,45T47,1.0099962601861177,0.9724356390967708,1.0168739579631962
ROW,49,0.9508177194042164,0.9825046847226883,1.0168739579631962
ROW,50,0.988372207766317,0.9986835582121107,1.0168739579631962
ROW,51,0.8220473229771844,0.9952475604514354,1.0168739579631962
ROW,52,1.018562379769648,0.9800181063261028,1.0168739579631962
ROW,53,1.0275905801351797,0.9708470184269299,1.0168739579631962
ROW,55T56,1.036242997081571,1.0064836860759336,1.0168739579631962
ROW,58T60,1.0763055439441764,0.9702112285673452,1.0168739579631962
ROW,61,1.0223671269917385,0.9642391014217692,1.0168739579631962
ROW,62T63,1.0832697333560104,0.957403406145597,1.0168739579631962
ROW,64T66,1.0433886273453958,0.9531531085313099,1.0168739579631962
ROW,68,1.0217942790660555,0.9512078450516116,1.0168739579631962
ROW,69T75,1.0529555206253804,0.9589009994777032,1.0168739579631962
ROW,77T82,1.0263669384987144,0.9642768819366077,1.0168739579631962
ROW,84,1.0106735079350986,0.9685613965659786,1.0168739579631962
ROW,85,1.0152678539131845,0.9659692146685603,1.0168739579631962
ROW,86T88,1.014673985206042,0.9730617071871435,1.0168739579631962
ROW,90T93,1.0311326191867811,0.9788489569264593,1.0168739579631962
ROW,94T98,1.015959837604451,0.9733487375090557,1.0168739579631962
RUS,01T02,0.9006470043890291,0.9906466792794526,0.9768615740007529
RUS,03,0.9683540638665158,0.9650055749632934,0.9768615740007529
RUS,05T06,0.8059094025626414,0.9531177838973759,0.9768615740007529
RUS,07T08,0.8532442923240059,0.9731126292585497,0.9768615740007529
RUS,10T12,0.9984236822088368,1.0243309437679395,0.9768615740007529
RUS,13T15,1.1372831585477527,0.9814610227562327,0.9768615740007529
RUS,16,0.8285736551500703,1.0254585090993191,0.9768615740007529
RUS,17T18,0.9929776376121593,1.0100815981599531,0.9768615740007529
RUS,19,0.8949036255671983,0.9905379607207329,0.9768615740007529
RUS,20,0.6327773682009179,1.0348649101528542,0.9768615740007529
RUS,21,0.9908273805280785,0.9785975733993572,0.9768615740007529
RUS,22,0.9266047585325731,1.0559567382884856,0.9768615740007529
RUS,23,0.7142419185115935,1.0641288771733584,0.9768615740007529
RUS,24,0.597692617795757,1.061441291411948,0.9768615740007529
RUS,25,0.9385312228440349,1.0491219137453154,0.9768615740007529
RUS,26,1.0193463982172184,0.9843842348524792,0.9768615740007529
RUS,27,0.9609490914998149,1.0459363832355348,0.9768615740007529
RUS,28,0.9611297227588048,1.031887788795235,0.9768615740007529
RUS,29T30,1.0012473241907602,1.0088735534987552,0.9768615740007529
RUS,31T33,0.9740487816380662,1.0015375095418775,0.9768615740007529
RUS,35,0.5592548503570935,1.1159173418176405,0.9768615740007529
RUS,36T39,0.843120630151474,1.0438615024933389,0.9768615740007529
RUS,41T43,0.951903945589868,1.002133459669225,0.9768615740007529
RUS,45T47,0.9792426627783802,0.9557339283072802,0.9768615740007529
RUS,49,0.8306380902841127,0.9766422260410533,0.9768615740007529
RUS,50,0.6396782227447291,0.9700012047904394,0.9768615740007529
RUS,51,0.906412377561326,0.9885255007812676,0.9768615740007529
RUS,52,0.9233511546874366,0.9794175550319564,0.9768615740007529
RUS,53,0.9981342542397287,0.9601027829427802,0.9768615740007529
RUS,55T56,1.0355141910234051,0.972156053408309,0.9768615740007529
RUS,58T60,1.114166136680666,0.9522837069435808,0.9768615740007529
RUS,61,0.9953279724820635,0.9532254972633724,0.9768615740007529
RUS,62T63,1.075855568433325,0.9387202685850057,0.9768615740007529
RUS,64T66,0.9690365403283331,0.9287202037328716,0.9768615740007529
RUS,68,0.9688430661728903,0.9494175370796262,0.9768615740007529
RUS,69T75,0.9999585971560673,0.9484899168389097,0.9768615740007529
RUS,77T82,0.9294066848700863,0.9430143125257414,0.9768615740007529
RUS,84,0.9731985335242505,0.9513356943086798,0.9768615740007529
RUS,85,0.977647037965868,0.943032102318448,0.9768615740007529
RUS,86T88,0.9756050703257674,0.9565646987330048,0.9768615740007529
RUS,90T93,0.9870647143569832,0.9548469399940341,0.9768615740007529
RUS,94T98,0.9852481115560282,0.9382477329743824,0.9768615740007529
SAU,01T02,1.1003157083247035,0.9840029965264067,0.9862509174729859
SAU,03,0.9776547507331153,0.996290971510419,0.9862509174729859
SAU,05T06,0.926391336746596,0.9473077492944543,0.9862509174729859
SAU,07T08,0.9987594473195514,0.9561506998752061,0.9862509174729859
SAU,10T12,1.0636518574280265,0.9941986071009759,0.9862509174729859
SAU,13T15,1.0221971843609992,1.0054053128796914,0.9862509174729859
SAU,16,0.8064474437457572,1.0160792334946103,0.9862509174729859
SAU,17T18,0.9747351448804817,1.0186459059824748,0.9862509174729859
SAU,19,0.9434941792244101,0.9861369033538984,0.9862509174729859
SAU,20,0.7808461720487249,0.9915693057416085,0.9862509174729859
SAU,21,0.8767699742961368,1.0057955222131125,0.9862509174729859
SAU,22,0.2269007342513488,1.031862964391069,0.9862509174729859
SAU,23,0.7914534777986779,1.0131596381681547,0.9862509174729859
SAU,24,1.2712533339684078,1.0058738494341886,0.9862509174729859
SAU,25,1.0124055636496334,1.0066311003213282,0.9862509174729859
SAU,26,0.998512909202227,1.0086350359230554,0.9862509174729859
SAU,27,1.000841918390372,1.021410315927142,0.9862509174729859
SAU,28,0.9782868228441368,1.012553772088181,0.9862509174729859
SAU,29T30,1.087724103764894,1.0039441106513247,0.9862509174729859
SAU,31T33,0.32947501054164124,1.0150724404701437,0.9862509174729859
SAU,35,0.5267483686012846,0.9922404710256512,0.9862509174729859
SAU,36T39,0.9542717320735359,0.9915390499713714,0.9862509174729859
SAU,41T43,0.953684290149345,1.0169704748074375,0.9862509174729859
SAU,45T47,0.9656961668910496,0.9890769152257319,0.9862509174729859
SAU,49,0.7056334740991149,0.990980246363726,0.9862509174729859
SAU,50,0.7662081075081817,1.0028048829712826,0.9862509174729859
SAU,51,0.9373002353571087,1.009798958782824,0.9862509174729859
SAU,52,0.9562754094261683,1.0054066257932799,0.9862509174729859
SAU,53,0.8962431173327237,1.0198544087303367,0.9862509174729859
SAU,55T56,1.0197678857999073,0.999501319793199,0.9862509174729859
SAU,58T60,1.076325927556743,0.9903314024823582,0.9862509174729859
SAU,61,0.9583252546281645,0.9915504131260452,0.9862509174729859
SAU,62T63,0.9947929569097164,0.9919407158005551,0.9862509174729859
SAU,64T66,1.0161199902572275,0.9573435760031287,0.9862509174729859
SAU,68,0.9853304634591953,0.9553690606627617,0.9862509174729859
SAU,69T75,0.9467005978478689,1.0269306586673383,0.9862509174729859
SAU,77T82,0.9425597099052223,1.037244473925318,0.9862509174729859
SAU,84,0.9794098711016234,0.9561655392996669,0.9862509174729859
SAU,85,0.9848446074000651,0.9584919397884931,0.9862509174729859
SAU,86T88,0.9731504363623027,0.987133202266236,0.9862509174729859
SAU,90T93,0.9963842128861901,0.9676438485618998,0.9862509174729859
SAU,94T98,0.9772135122091675,0.9608867446407939,0.9862509174729859
SGP,01T02,0.7884652282410004,1.0282053434476355,1.0490682034643508
SGP,03,0.960324494041222,1.0301152585520115,1.0490682034643508
SGP,05T06,0.8104338025297473,1.01397533477684,1.0490682034643508
SGP,07T08,0.9897005769217744,1.0283366801891147,1.0490682034643508
SGP,10T12,0.9732342176092754,1.113006963991543,1.0490682034643508
SGP,13T15,0.9059513656161117,1.0748261363491332,1.0490682034643508
SGP,16,0.9467558161008854,1.094531507864247,1.0490682034643508
SGP,17T18,1.013077706227026,1.0591615502452656,1.0490682034643508
SGP,19,0.9897829518317356,1.0644756919118274,1.0490682034643508
SGP,20,0.9554485194278058,1.056083740434798,1.0490682034643508
SGP,21,1.0926929702433281,1.0115930809268485,1.0490682034643508
SGP,22,0.7053231681750941,1.1017082475821864,1.0490682034643508
SGP,23,0.9902310167294779,1.0913045455731694,1.0490682034643508
SGP,24,1.2544237960329438,1.0887164470132134,1.0490682034643508
SGP,25,1.0196230778802595,1.0696258219617456,1.0490682034643508
SGP,26,1.0287839365013796,1.041750291413814,1.0490682034643508
SGP,27,1.0357789410437226,1.0578752686551502,1.0490682034643508
SGP,28,1.0498771052850235,1.0373708987068784,1.0490682034643508
SGP,29T30,1.0210350052691097,1.0421796587681063,1.0490682034643508
SGP,31T33,0.8988631245215114,1.0412350679299502,1.0490682034643508
SGP,35,0.6386628029506758,1.1001194951723021,1.0490682034643508
SGP,36T39,1.0059116178589085,1.0371843017440403,1.0490682034643508
SGP,41T43,1.0304460468958583,1.0494252212707433,1.0490682034643508
SGP,45T47,0.9821436759377231,1.027214179598743,1.0490682034643508
SGP,49,0.9568252369091242,1.0286924843210772,1.0490682034643508
SGP,50,0.7618546719257062,1.079855058988569,1.0490682034643508
SGP,51,0.8627472258804126,1.0385760234832964,1.0490682034643508
SGP,52,0.9718851668894855,1.025693104183253,1.0490682034643508
SGP,53,0.9977284622442372,1.0248441151655643,1.0490682034643508
SGP,55T56,1.0213721616907407,1.043773304051667,1.0490682034643508
SGP,58T60,1.0290898452158344,1.0203626372792982,1.0490682034643508
SGP,61,1.039907662822954,1.0139723456714984,1.0490682034643508
SGP,62T63,1.0226956479069902,1.0138057271839902,1.0490682034643508
SGP,64T66,1.0367211185153613,1.000714206943335,1.0490682034643508
SGP,68,1.030823113784612,1.0040361406199532,1.0490682034643508
SGP,69T75,1.041619973660907,1.0102221951618635,1.0490682034643508
SGP,77T82,1.023112134619776,1.0058701650300057,1.0490682034643508
SGP,84,1.0454629878636192,1.02092811350948,1.0490682034643508
SGP,85,1.047988526053231,1.0085404555566626,1.0490682034643508
SGP,86T88,1.0469338802844566,1.0150922750862776,1.0490682034643508
SGP,90T93,1.036402731502878,1.0203114900622325,1.0490682034643508
SGP,94T98,1.048854656897387,0.9917333883320675,1.0490682034643508
SVK,01T02,1.0978321101554922,1.0527111769160336,1.051326266665724
SVK,03,0.9900488706711387,1.0486747705594224,1.051326266665724
SVK,05T06,0.4896226034708706,1.0390868550930707,1.051326266665724
SVK,07T08,0.8293190344588117,1.052692829210981,1.051326266665724
SVK,10T12,1.0662926856123103,1.0585511526416027,1.051326266665724
SVK,13T15,1.0344274450253004,1.0411130036821818,1.051326266665724
SVK,16,1.084858443568556,1.0443999009967648,1.051326266665724
SVK,17T18,1.025743131255159,1.0517732381164209,1.051326266665724
SVK,19,0.9495077917379666,1.0579127819678567,1.051326266665724
SVK,20,0.6456191384599028,1.0611769465533418,1.051326266665724
SVK,21,0.8401828520467549,1.0459620262150637,1.051326266665724
SVK,22,1.0568569620411432,1.0579928332950774,1.051326266665724
SVK,23,0.7542019334542512,1.0715546135748137,1.051326266665724
SVK,24,0.5576057658653019,1.0827050631480806,1.051326266665724
SVK,25,1.0332528201898377,1.0541271399381,1.051326266665724
SVK,26,1.0388376719187178,1.040927293778641,1.051326266665724
SVK,27,1.0455376900752178,1.0486770218926333,1.051326266665724
SVK,28,1.0177570830233411,1.0568896968088417,1.051326266665724
SVK,29T30,1.0376281016239128,1.0431428731673316,1.051326266665724
SVK,31T33,1.0939485673760057,1.0422137277312036,1.051326266665724
SVK,35,1.0149230014592026,1.0760789914031395,1.051326266665724
SVK,36T39,1.0274656533893252,1.0359570767362773,1.051326266665724
SVK,41T43,1.039554908816093,1.0408558468004951,1.051326266665724
SVK,45T47,1.0151045568942982,1.0348278703924998,1.051326266665724
SVK,49,0.9916317187144745,1.0352363557012274,1.051326266665724
SVK,50,1.1161096067967888,1.0521258309491708,1.051326266665724
SVK,51,1.1466288851026347,1.0602180651498274,1.051326266665724
SVK,52,1.0050235228924644,1.0410548818789345,1.051326266665724
SVK,53,1.03400214760815,1.0302249937165215,1.051326266665724
SVK,55T56,1.043701907244601,1.0380053269941274,1.051326266665724
SVK,58T60,1.0347583646982497,1.0306520961426566,1.051326266665724
SVK,61,1.0402928656632535,1.0270929063398173,1.051326266665724
SVK,62T63,1.0219145352917864,1.0264665488187334,1.051326266665724
SVK,64T66,1.0345528215108917,1.0249586408648608,1.051326266665724
SVK,68,1.0424330043620542,1.0259727940209664,1.051326266665724
SVK,69T75,1.0164562492808722,1.0363384770666833,1.051326266665724
SVK,77T82,1.0275321520592122,1.0324814277609056,1.051326266665724
SVK,84,1.0468327707774057,1.0266172839745475,1.051326266665724
SVK,85,1.0479511982014367,1.0279127128601662,1.051326266665724
SVK,86T88,1.048556187489859,1.0309643876382222,1.051326266665724
SVK,90T93,1.0446018306662839,1.033635924966628,1.051326266665724
SVK,94T98,1.0423935785092195,1.0327456684200595,1.051326266665724
SVN,01T02,0.8801799520010799,1.0560839209027975,1.0518174136751413
SVN,03,1.0616575845828395,1.0412808271984835,1.0518174136751413
SVN,05T06,0.5708550565935674,1.0409998904735205,1.0518174136751413
SVN,07T08,0.9027115400484678,1.055354660947514,1.0518174136751413
SVN,10T12,1.0548671390884106,1.0607968656167015,1.0518174136751413
SVN,13T15,1.0375913559684757,1.0374486118942268,1.0518174136751413
SVN,16,0.940752402766661,1.0632942255749749,1.0518174136751413
SVN,17T18,0.9709322420606425,1.0522540694882887,1.0518174136751413
SVN,19,0.00034836128444045133,1.050553643734673,1.0518174136751413
SVN,20,1.0944635232248938,1.0574767306268855,1.0518174136751413
SVN,21,1.0456694183789084,1.0338464510894263,1.0518174136751413
SVN,22,1.0947436765555165,1.048869672544334,1.0518174136751413
SVN,23,0.7580429478727623,1.0586936418915058,1.0518174136751413
SVN,24,1.201265061529245,1.0716884946367717,1.0518174136751413
SVN,25,1.0613108662148787,1.048818573232715,1.0518174136751413
SVN,26,1.0393645260593858,1.0370552243035642,1.0518174136751413
SVN,27,1.036087126839585,1.0513330023318785,1.0518174136751413
SVN,28,1.0267190230270962,1.0503375112690967,1.0518174136751413
SVN,29T30,1.0375356206383977,1.0482063441666085,1.0518174136751413
SVN,31T33,1.074351796660873,1.0434092239343018,1.0518174136751413
SVN,35,0.7550245927825525,1.0588927364193788,1.0518174136751413
SVN,36T39,1.052115711144356,1.0470888401673268,1.0518174136751413
SVN,41T43,1.0371794488609307,1.049438765307797,1.0518174136751413
SVN,45T47,1.0256789113463927,1.0348726933488404,1.0518174136751413
SVN,49,0.9747391855926292,1.0408051156672995,1.0518174136751413
SVN,50,0.6521544803595963,1.0799323644059753,1.0518174136751413
SVN,51,1.1310516116280247,1.0411246590685912,1.0518174136751413
SVN,52,1.0175880306545517,1.0407281302805345,1.0518174136751413
SVN,53,1.0231048561954443,1.0323018630062322,1.0518174136751413
SVN,55T56,1.0404134382435235,1.0416091997524608,1.0518174136751413
SVN,58T60,1.0166084462138723,1.0300837817359514,1.0518174136751413
SVN,61,1.028659872976816,1.0269400108154316,1.0518174136751413
SVN,62T63,1.0150660037808406,1.0272764114633677,1.0518174136751413
SVN,64T66,1.0277591081942286,1.0268971585048783,1.0518174136751413
SVN,68,1.0489908998409727,1.0273880926981585,1.0518174136751413
SVN,69T75,1.0210326810950665,1.0333144423420568,1.0518174136751413
SVN,77T82,1.0246447731627546,1.0337190263872091,1.0518174136751413
SVN,84,1.0475972515482637,1.030325567767864,1.0518174136751413
SVN,85,1.0471339046708903,1.0302372882178077,1.0518174136751413
SVN,86T88,1.0492511870410113,1.0315784930958845,1.0518174136751413
SVN,90T93,1.0462619738868115,1.0344049358095482,1.0518174136751413
SVN,94T98,1.0392593065476396,1.032905901122771,1.0518174136751413
SWE,01T02,0.7564239812093485,1.0959430865645978,1.0460279524689946
SWE,03,0.9803357044948843,1.039198804521018,1.0460279524689946
SWE,05T06,0.8751600848712847,1.0489473694023694,1.0460279524689946
SWE,07T08,1.085301349669142,1.0393341410972297,1.0460279524689946
SWE,10T12,1.0345267808232963,1.0690344813912924,1.0460279524689946
SWE,13T15,1.0242694072918923,1.0430517643331363,1.0460279524689946
SWE,16,0.9571196726213314,1.1041456182766185,1.0460279524689946
SWE,17T18,0.9725293322132599,1.0708688269425461,1.0460279524689946
SWE,19,1.0311321198531223,1.0595251614702654,1.0460279524689946
SWE,20,0.9395576433322924,1.0490312474785966,1.0460279524689946
SWE,21,1.0533718347897494,1.038776216082672,1.0460279524689946
SWE,22,1.0933565522289501,1.0494943786332895,1.0460279524689946
SWE,23,1.0247939316510808,1.0544383323569047,1.0460279524689946
SWE,24,1.2223850176743376,1.0562752531235173,1.0460279524689946
SWE,25,1.0563343771130254,1.0516552325235928,1.0460279524689946
SWE,26,1.0397892075381516,1.0375134709299678,1.0460279524689946
SWE,27,1.0528646023437926,1.0456748241694984,1.0460279524689946
SWE,28,1.041939615885843,1.0404735385005974,1.0460279524689946
SWE,29T30,1.043883159014772,1.0413541939599182,1.0460279524689946
SWE,31T33,1.0516712281680922,1.0434939957711618,1.0460279524689946
SWE,35,1.0507393660483042,1.0421451844818095,1.0460279524689946
SWE,36T39,1.0594077796608508,1.039052419941943,1.0460279524689946
SWE,41T43,1.0398136374333138,1.0440387528019812,1.0460279524689946
SWE,45T47,1.025415773722336,1.0342218046347982,1.0460279524689946
SWE,49,1.0210993981553196,1.0388240694259523,1.0460279524689946
SWE,50,0.7703445947807847,1.049319436082941,1.0460279524689946
SWE,51,0.9809423724614588,1.043320592272938,1.0460279524689946
SWE,52,1.0140340576107174,1.0437305595110786,1.0460279524689946
SWE,53,1.0259760884653746,1.034172134477229,1.0460279524689946
SWE,55T56,1.0361119587938183,1.0425562472682168,1.0460279524689946
SWE,58T60,1.0205001457975251,1.0328170289366412,1.0460279524689946
SWE,61,1.0261172072735738,1.0324494490355742,1.0460279524689946
SWE,62T63,1.0125309908322138,1.0313065459414927,1.0460279524689946
SWE,64T66,1.0227167334044132,1.0312231204471436,1.0460279524689946
SWE,68,1.0404671599796178,1.0352552216363362,1.0460279524689946
SWE,69T75,1.0300635208174345,1.033032950059545,1.0460279524689946
SWE,77T82,1.0258917516508452,1.0373507310290218,1.0460279524689946
SWE,84,1.0429652340242972,1.0337784462476884,1.0460279524689946
SWE,85,1.0442876156698484,1.0330697448354629,1.0460279524689946
SWE,86T88,1.0450343283558086,1.0331050834986688,1.0460279524689946
SWE,90T93,1.0386773457199958,1.0380970418480513,1.0460279524689946
SWE,94T98,1.0403809676059275,1.0344225596870527,1.0460279524689946
THA,01T02,0.9058889551359963,1.0265827777276142,1.0609194182178618
THA,03,1.0085620342014001,1.0243571448944404,1.0609194182178618
THA,05T06,0.7085694421450447,1.0208730094805454,1.0609194182178618
THA,07T08,0.8965417788536352,1.0291959054823732,1.0609194182178618
THA,10T12,1.0210172367467791,1.0824913864548873,1.0609194182178618
THA,13T15,1.0486694121166529,1.0349541281685364,1.0609194182178618
THA,16,0.9919788543256671,1.0548447019673395,1.0609194182178618
THA,17T18,1.0006149377756084,1.0399367499485175,1.0609194182178618
THA,19,0.9411398834063721,1.0873624340058199,1.0609194182178618
THA,20,0.8946557242687507,1.058706467898633,1.0609194182178618
THA,21,1.015183582124581,1.048632306462921,1.0609194182178618
THA,22,1.02146396036741,1.0759374002926827,1.0609194182178618
THA,23,0.7383820355570243,1.0877317896656,1.0609194182178618
THA,24,0.8882392219137312,1.0771262338151908,1.0609194182178618
THA,25,0.9942171536039532,1.0754140345640473,1.0609194182178618
THA,26,1.0398296441080974,1.0361371382756013,1.0609194182178618
THA,27,1.0174410140889298,1.0639369142421362,1.0609194182178618
THA,28,1.0006102396359864,1.0559659428673471,1.0609194182178618
THA,29T30,1.0019601851801994,1.053690672354422,1.0609194182178618
THA,31T33,1.0423085512154966,1.051890889458076,1.0609194182178618
THA,35,0.8841451376291615,1.0668061705228264,1.0609194182178618
THA,36T39,1.0277170487994833,1.0240510920626422,1.0609194182178618
THA,41T43,1.052722234446009,1.103544357592057,1.0609194182178618
THA,45T47,1.026393972662401,1.007157257677579,1.0609194182178618
THA,49,0.8740512522689828,1.0574644132054678,1.0609194182178618
THA,50,0.8797741988131521,1.040223418898853,1.0609194182178618
THA,51,0.8437971113922129,1.0601743280233213,1.0609194182178618
THA,52,0.9798494355994802,1.0420067991184891,1.0609194182178618
THA,53,1.0250727659786045,1.0108346238259631,1.0609194182178618
THA,55T56,1.0242210261781823,1.0540815407480977,1.0609194182178618
THA,58T60,1.009520463248009,1.0256478360505832,1.0609194182178618
THA,61,1.0442779992235987,1.0113514423099121,1.0609194182178618
THA,62T63,0.976914372861254,1.0220424040516511,1.0609194182178618
THA,64T66,1.012426996086052,1.0049613055035587,1.0609194182178618
THA,68,1.0450882778268809,1.0042603522014044,1.0609194182178618
THA,69T75,1.0000876545991089,1.0179790564044795,1.0609194182178618
THA,77T82,0.9857320340169821,1.0216252354317694,1.0609194182178618
THA,84,1.0560000162472545,1.011407039628278,1.0609194182178618
THA,85,1.057518572771114,1.0096595563864654,1.0609194182178618
THA,86T88,1.0512855372221774,1.0271720701529814,1.0609194182178618
THA,90T93,1.0455420986052273,1.016522424156036,1.0609194182178618
THA,94T98,1.0233213905890222,1.0321985093187473,1.0609194182178618
TUN,01T02,0.9717499361906831,1.0190986800290405,1.0477226180103638
TUN,03,1.0233148970568067,1.0062015158812663,1.0477226180103638
TUN,05T06,0.7113946613678434,1.0824234273096232,1.0477226180103638
TUN,07T08,0.7988765210051134,1.0907271834903352,1.0477226180103638
TUN,10T12,1.016100926127806,1.0951665738600673,1.0477226180103638
TUN,13T15,1.005013353721926,1.042639019820612,1.0477226180103638
TUN,16,1.0253087916197672,1.0475157901277437,1.0477226180103638
TUN,17T18,0.9607371664640645,1.047614730843904,1.0477226180103638
TUN,19,0.8394257755485104,1.1395548409096694,1.0477226180103638
TUN,20,0.9389337868456937,1.069554281312182,1.0477226180103638
TUN,21,0.9931608609552395,1.041545689569229,1.0477226180103638
TUN,22,0.6537640543644301,1.0607365057006821,1.0477226180103638
TUN,23,0.49006264995267595,1.1437233075674267,1.0477226180103638
TUN,24,1.0478501704026535,1.1109343843485235,1.0477226180103638
TUN,25,0.9923500330547758,1.0661170083877047,1.0477226180103638
TUN,26,1.0235812633252674,1.0534490471794087,1.0477226180103638
TUN,27,1.022610542687539,1.0612305736157028,1.0477226180103638
TUN,28,1.0248995888394912,1.052856117334743,1.0477226180103638
TUN,29T30,1.0342654067945034,1.0482809139955864,1.0477226180103638
TUN,31T33,0.8107787570047946,1.0435479778626549,1.0477226180103638
TUN,35,0.5539663608453737,1.1140415072359973,1.0477226180103638
TUN,36T39,1.020471278891117,1.091308377143163,1.0477226180103638
TUN,41T43,1.0298982790570395,1.1145361254115527,1.0477226180103638
TUN,45T47,1.0304059161180625,1.012934573276057,1.0477226180103638
TUN,49,0.908912289329099,1.0212360918571448,1.0477226180103638
TUN,50,1.099292077042893,1.0302127907865373,1.0477226180103638
TUN,51,0.732964944902689,1.038323795015424,1.0477226180103638
TUN,52,0.9486718131896131,1.012689967718443,1.0477226180103638
TUN,53,1.0214947886375445,1.011630256864208,1.0477226180103638
TUN,55T56,1.038303211522973,1.028189756836372,1.0477226180103638
TUN,58T60,1.0245893057434725,1.0272198279366078,1.0477226180103638
TUN,61,1.0356993995958677,1.0079719025715634,1.0477226180103638
TUN,62T63,1.0096524787148085,1.015289787974574,1.0477226180103638
TUN,64T66,1.0076086929892736,1.0022306178130655,1.0477226180103638
TUN,68,1.0400559950739456,1.0093937247720763,1.0477226180103638
TUN,69T75,1.0180622135126178,1.0194695629292612,1.0477226180103638
TUN,77T82,1.015867082982631,1.0190718799251859,1.0477226180103638
TUN,84,1.043930437857011,1.0011785033120089,1.0477226180103638
TUN,85,1.0460130996889618,1.0057077669327381,1.0477226180103638
TUN,86T88,1.0386194504972286,1.0161389177509708,1.0477226180103638
TUN,90T93,1.0169947056597115,1.0285742711978931,1.0477226180103638
TUN,94T98,1.0466857610092677,1.0063099099816382,1.0477226180103638
TUR,01T02,1.033255478675972,1.0527722457189195,1.0528643015558783
TUR,03,1.0093736632890336,1.0268397942277911,1.0528643015558783
TUR,05T06,0.7161076789280951,1.0435732739524035,1.0528643015558783
TUR,07T08,0.9086472318888488,1.028455150186913,1.0528643015558783
TUR,10T12,1.0334993570991196,1.0678792248297444,1.0528643015558783
TUR,13T15,1.0070022152627627,1.0362671420338165,1.0528643015558783
TUR,16,0.9500587171527679,1.0662487049181968,1.0528643015558783
TUR,17T18,0.9983307684053997,1.0429763726962094,1.0528643015558783
TUR,19,0.9499322523600484,1.0580817819403594,1.0528643015558783
TUR,20,0.8179210353276553,1.0525299140112814,1.0528643015558783
TUR,21,0.9822356164495591,1.0407170832965287,1.0528643015558783
TUR,22,1.0305588998262323,1.0624551724952542,1.0528643015558783
TUR,23,0.7178127389063119,1.0974015845486003,1.0528643015558783
TUR,24,0.9436666251867238,1.0748470997713488,1.0528643015558783
TUR,25,1.0271482958912619,1.0568321717909186,1.0528643015558783
TUR,26,1.054476182719515,1.0236191551878535,1.0528643015558783
TUR,27,1.01772804477343,1.0618829902332114,1.0528643015558783
TUR,28,1.0273299641291325,1.0510029581553675,1.0528643015558783
TUR,29T30,1.0422809898233776,1.042310095107592,1.0528643015558783
TUR,31T33,1.05032525040746,1.0448079101784937,1.0528643015558783
TUR,35,0.6842262064454427,1.3145779022933641,1.0528643015558783
TUR,36T39,0.9841145819327614,1.0489964354531525,1.0528643015558783
TUR,41T43,1.0405200704208515,1.0657020542432265,1.0528643015558783
TUR,45T47,1.0077561002281208,1.0232030519692323,1.0528643015558783
TUR,49,0.9854403680835223,1.0335101905974808,1.0528643015558783
TUR,50,0.9677519447021509,1.0257507167628102,1.0528643015558783
TUR,51,0.746155878118234,1.0249013336389454,1.0528643015558783
TUR,52,0.9954700935623388,1.0166301902909352,1.0528643015558783
TUR,53,1.004793575577561,1.0257051690918437,1.0528643015558783
TUR,55T56,1.0346302689923197,1.0346426135955498,1.0528643015558783
TUR,58T60,1.021059985049267,1.0250430387997613,1.0528643015558783
TUR,61,1.0352115924482732,1.0260882734128214,1.0528643015558783
TUR,62T63,1.0209750748487127,1.0071494940467025,1.0528643015558783
TUR,64T66,1.0049604987490854,1.0145407317561639,1.0528643015558783
TUR,68,1.0332140456113588,1.0415240724180979,1.0528643015558783
TUR,69T75,1.0125345102540002,1.0196617333322613,1.0528643015558783
TUR,77T82,1.0162108749018224,1.0166850361223394,1.0528643015558783
TUR,84,1.0394083567419707,1.0258833700445078,1.0528643015558783
TUR,85,1.0459133141495776,1.0135449682721862,1.0528643015558783
TUR,86T88,1.047758849789698,1.0286257561404606,1.0528643015558783
TUR,90T93,1.0367570206145669,1.0235284402804836,1.0528643015558783
TUR,94T98,1.0405985892927363,1.0291886262726828,1.0528643015558783
TWN,01T02,1.1253932819096106,1.0357830528007461,1.0565635100746948
TWN,03,0.9573765765656662,1.049478772149397,1.0565635100746948
TWN,05T06,0.7306409415279101,1.0441225286714388,1.0565635100746948
TWN,07T08,0.7521566459560745,1.0517928355457873,1.0565635100746948
TWN,10T12,1.075218563201542,1.0506657097120038,1.0565635100746948
TWN,13T15,0.9250287477478837,1.0623163016715729,1.0565635100746948
TWN,16,1.0665250382988256,1.0609110148675385,1.0565635100746948
TWN,17T18,0.9696676664268827,1.063415498795804,1.0565635100746948
TWN,19,0.8960550448502214,1.0641501146430403,1.0565635100746948
TWN,20,0.8990251437268192,1.0983188243701976,1.0565635100746948
TWN,21,1.024818716790096,1.0417454187833555,1.0565635100746948
TWN,22,1.0354001181211563,1.0727794002377389,1.0565635100746948
TWN,23,0.9581399867737711,1.094998981742043,1.0565635100746948
TWN,24,0.7220120575365538,1.1219632107394526,1.0565635100746948
TWN,25,0.9524725839505469,1.095586932535361,1.0565635100746948
TWN,26,1.0196869714000028,1.0490085279067105,1.0565635100746948
TWN,27,1.0255502374154388,1.065429940455061,1.0565635100746948
TWN,28,0.9912130604762887,1.075697546457102,1.0565635100746948
TWN,29T30,1.01902622135427,1.0543315220795455,1.0565635100746948
TWN,31T33,1.0183700994007492,1.0540284363420171,1.0565635100746948
TWN,35,0.6352286810423214,1.0731150879815285,1.0565635100746948
TWN,36T39,0.9324627327013313,1.0535118609810086,1.0565635100746948
TWN,41T43,1.0433646228734021,1.0779936504313896,1.0565635100746948
TWN,45T47,1.01631643775522,1.0233715227849083,1.0565635100746948
TWN,49,0.9414168702988266,1.0410253001198753,1.0565635100746948
TWN,50,0.8445063366146915,1.0701189711759649,1.0565635100746948
TWN,51,0.8562860761770981,1.0540438351844386,1.0565635100746948
TWN,52,0.9623991938265485,1.029163801717634,1.0565635100746948
TWN,53,1.021959259798581,1.038973716525792,1.0565635100746948
TWN,55T56,1.0450517803721464,1.0372487114043385,1.0565635100746948
TWN,58T60,1.016741578752885,1.031810342883962,1.0565635100746948
TWN,61,1.0375887037427316,1.02566052654653,1.0565635100746948
TWN,62T63,1.019602161791872,1.0206353337539202,1.0565635100746948
TWN,64T66,1.035198370840783,1.0153010655623378,1.0565635100746948
TWN,68,1.0489694029039853,1.0174730617950776,1.0565635100746948
TWN,69T75,1.0156164247627784,1.0276281261029916,1.0565635100746948
TWN,77T82,1.0101651165236338,1.0223695283693446,1.0565635100746948
TWN,84,1.052251351263394,1.0207891695224247,1.0565635100746948
TWN,85,1.0549208424061725,1.021474789679497,1.0565635100746948
TWN,86T88,1.0506017990216328,1.0303283114408837,1.0565635100746948
TWN,90T93,1.0423959382875276,1.0277972868388587,1.0565635100746948
TWN,94T98,1.0518648821640615,1.0255318657942016,1.0565635100746948
USA,01T02,0.9396205374146599,1.0675813615067682,1.0399086743557144
USA,03,1.037702534389379,1.0258492116271416,1.0399086743557144
USA,05T06,0.8964049015897965,1.0405633098946137,1.0399086743557144
USA,07T08,1.0058421853918749,1.043508722163072,1.0399086743557144
USA,10T12,1.0272726907068819,1.0740544058791974,1.0399086743557144
USA,13T15,1.0063613575897965,1.0435578406256418,1.0399086743557144
USA,16,1.0452381668257849,1.0561684387909023,1.0399086743557144
USA,17T18,1.015755238232463,1.0470452890298934,1.0399086743557144
USA,19,0.993823325678403,1.0718391600940065,1.0399086743557144
USA,20,0.9948169844807082,1.051319053181331,1.0399086743557144
USA,21,1.0143858059928308,1.031741739648946,1.0399086743557144
USA,22,1.0503986443893487,1.0499133713191706,1.0399086743557144
USA,23,0.9976387605963153,1.050430854785899,1.0399086743557144
USA,24,1.0993617817873254,1.061333399000226,1.0399086743557144
USA,25,1.0461198714772386,1.0466274610903428,1.0399086743557144
USA,26,1.0463684599580658,1.02600932071677,1.0399086743557144
USA,27,1.0596277371488627,1.0400200106143072,1.0399086743557144
USA,28,1.0343775773107498,1.0393495276489642,1.0399086743557144
USA,29T30,1.0390328262168884,1.0389067165421404,1.0399086743557144
USA,31T33,1.0815776945073114,1.0355027455048706,1.0399086743557144
USA,35,0.7505770362317848,1.0445594839982268,1.0399086743557144
USA,36T39,1.0197157813039965,1.0306738297447182,1.0399086743557144
USA,41T43,1.0302092121528732,1.0386533353874388,1.0399086743557144
USA,45T47,1.0229093133796592,1.0315355051523816,1.0399086743557144
USA,49,0.9874883803923843,1.0336174925781167,1.0399086743557144
USA,50,0.9686334895298877,1.035593733017826,1.0399086743557144
USA,51,0.9427157391529537,1.0316585303504755,1.0399086743557144
USA,52,0.997345198633862,1.0414445452236984,1.0399086743557144
USA,53,0.9880902890877221,1.0340259207709765,1.0399086743557144
USA,55T56,1.0326111232760176,1.0358376369145452,1.0399086743557144
USA,58T60,1.0317624879863223,1.026258457020308,1.0399086743557144
USA,61,1.029906438579043,1.0281909834268455,1.0399086743557144
USA,62T63,1.0223978919462346,1.0258145424358227,1.0399086743557144
USA,64T66,1.0238428902012107,1.0257227392263715,1.0399086743557144
USA,68,1.0332541362947683,1.0324661040468135,1.0399086743557144
USA,69T75,1.0234795266784482,1.027312395271317,1.0399086743557144
USA,77T82,1.0190244402230015,1.0278557939316215,1.0399086743557144
USA,84,1.029701126219203,1.0315230232842305,1.0399086743557144
USA,85,1.0315981647147585,1.029479942973572,1.0399086743557144
USA,86T88,1.0384612581688182,1.028240368945628,1.0399086743557144
USA,90T93,1.0341381085484642,1.0295332026535924,1.0399086743557144
USA,94T98,1.0359648538565271,1.0286474070907414,1.0399086743557144
VNM,01T02,0.9387903726125726,1.0601327341989621,1.0628107924781622
VNM,03,1.0054600138781655,1.0530075037381936,1.0628107924781622
VNM,05T06,0.830841164282938,1.0316853413321532,1.0628107924781622
VNM,07T08,0.4326002595066888,1.0857539986227664,1.0628107924781622
VNM,10T12,0.9988016211061755,1.1001005892591198,1.0628107924781622
VNM,13T15,1.0190709088516767,1.039294137980053,1.0628107924781622
VNM,16,0.8842925374954929,1.126447174110552,1.0628107924781622
VNM,17T18,0.9330782596938585,1.0670218953859336,1.0628107924781622
VNM,19,0.8279352773367703,1.0725022134957811,1.0628107924781622
VNM,20,0.9299005163139688,1.0819592428924634,1.0628107924781622
VNM,21,1.0272454000987223,1.0357814715560216,1.0628107924781622
VNM,22,1.0123092187627125,1.078699783793984,1.0628107924781622
VNM,23,0.6350510711730304,1.1388832202172405,1.0628107924781622
VNM,24,0.7885942439462587,1.1327822412068504,1.0628107924781622
VNM,25,0.8624126034105252,1.1134749662084615,1.0628107924781622
VNM,26,1.0282872941582724,1.03949742274052,1.0628107924781622
VNM,27,0.9912449466230994,1.0742630899940975,1.0628107924781622
VNM,28,1.023405827596342,1.0477318910775242,1.0628107924781622
VNM,29T30,1.032679965292508,1.0500677504608467,1.0628107924781622
VNM,31T33,0.9450394002879096,1.0743918047092205,1.0628107924781622
VNM,35,0.46488241295961,1.0524121317865969,1.0628107924781622
VNM,36T39,0.9980769360059023,1.0389688427326564,1.0628107924781622
VNM,41T43,1.043603127487647,1.1173482231979295,1.0628107924781622
VNM,45T47,0.9895735443994447,1.017294043258688,1.0628107924781622
VNM,49,0.8733827162533085,1.0443393236498766,1.0628107924781622
VNM,50,0.643303668323732,1.0512743007725889,1.0628107924781622
VNM,51,0.8217218043415256,1.0512634334630815,1.0628107924781622
VNM,52,0.9592918505604938,1.0126115602493149,1.0628107924781622
VNM,53,0.976840565238742,1.0250280246464814,1.0628107924781622
VNM,55T56,1.0201214400794054,1.0528965694897852,1.0628107924781622
VNM,58T60,1.0155454667285875,1.027175939503096,1.0628107924781622
VNM,61,1.034806972138,1.0303310501674448,1.0628107924781622
VNM,62T63,1.0666107674251764,0.9919905736002541,1.0628107924781622
VNM,64T66,1.002091956110742,0.9932591301537089,1.0628107924781622
VNM,68,1.0420730025441507,1.019842975905773,1.0628107924781622
VNM,69T75,1.0006126712391732,1.0097219687566095,1.0628107924781622
VNM,77T82,1.0091102541689616,1.0108327635610141,1.0628107924781622
VNM,84,1.052002950461843,1.0150195835384057,1.0628107924781622
VNM,85,1.0539754328321078,0.9997298555434447,1.0628107924781622
VNM,86T88,1.0585020255719486,1.018076878711393,1.0628107924781622
VNM,90T93,1.0584562581626655,1.0059091824996584,1.0628107924781622
VNM,94T98,1.0502644825046121,1.029246489494832,1.0628107924781622
ZAF,01T02,0.857569901114008,1.0175874387445485,0.975691099962701
ZAF,03,0.9916040371545324,0.957687311170007,0.975691099962701
ZAF,05T06,0.7536230367948329,0.9962123384749629,0.975691099962701
ZAF,07T08,0.7107580749708416,1.0332433377864905,0.975691099962701
ZAF,10T12,1.0267609301520852,1.02915811756235,0.975691099962701
ZAF,13T15,1.0798185409433887,1.0022256912392353,0.975691099962701
ZAF,16,1.0139442517368256,1.0172735310366317,0.975691099962701
ZAF,17T18,1.0220147137370716,0.9906731929341306,0.975691099962701
ZAF,19,0.7807771845344661,1.0211176369774952,0.975691099962701
ZAF,20,0.8865182614046248,1.0501976824633068,0.975691099962701
ZAF,21,0.9704662697924217,1.0128342681325728,0.975691099962701
ZAF,22,0.7905511406884506,1.0217495984876597,0.975691099962701
ZAF,23,0.7174106784605921,1.0489303737197808,0.975691099962701
ZAF,24,0.16659877655511313,1.1540648710996908,0.975691099962701
ZAF,25,0.8137943939401716,1.130812494698157,0.975691099962701
ZAF,26,1.0178799272722234,1.0063223770079641,0.975691099962701
ZAF,27,0.89031652693938,1.0716561004871457,0.975691099962701
ZAF,28,0.9691802541859863,1.0397921802532133,0.975691099962701
ZAF,29T30,0.9707261268729992,1.0520238164437916,0.975691099962701
ZAF,31T33,0.568145720081962,1.0308899848516242,0.975691099962701
ZAF,35,0.37754549201083915,1.0512519050937876,0.975691099962701
ZAF,36T39,0.9413632244836978,0.9561443817358277,0.975691099962701
ZAF,41T43,0.949132072475823,1.017263033759036,0.975691099962701
ZAF,45T47,0.9515127077570293,0.9493249291175331,0.975691099962701
ZAF,49,0.9263045156483342,0.9665458449411201,0.975691099962701
ZAF,50,0.29498700403993805,0.9629838485352457,0.975691099962701
ZAF,51,0.9016481941502882,0.9863785619543042,0.975691099962701
ZAF,52,0.8415340482413683,0.9804836103887803,0.975691099962701
ZAF,53,0.9556462995706879,0.9603152088867848,0.975691099962701
ZAF,55T56,1.0124495256058113,0.9587278652875169,0.975691099962701
ZAF,58T60,0.9870619366674329,0.9632824426066499,0.975691099962701
ZAF,61,0.9781739631853622,0.9685849089748659,0.975691099962701
ZAF,62T63,0.9356290972135035,0.9660265278996466,0.975691099962701
ZAF,64T66,0.963187092773215,0.9304105979704437,0.975691099962701
ZAF,68,0.963461148182357,0.9473280254983857,0.975691099962701
ZAF,69T75,0.9492489984277486,0.956900386233052,0.975691099962701
ZAF,77T82,0.9355645934755945,0.9638147433261753,0.975691099962701
ZAF,84,0.9682331084170577,0.9428818213438824,0.975691099962701
ZAF,85,0.9705985709275724,0.9307248147118726,0.975691099962701
ZAF,86T88,0.967272384782275,0.9468387108453495,0.975691099962701
ZAF,90T93,0.9190152431976315,0.9575413366321955,0.975691099962701
ZAF,94T98,0.9674747143018633,0.9204993743930725,0.975691099962701
